1000 9890
67 248
858 277
54 278
721 107
950 732
152 649
137 91
105 623
547 512
273 651
704 866
857 373
621 500
234 924
593 339
5 485
112 711
999 699
584 618
812 906
9 883
30 987
571 769
878 767
539 303
722 923
504 900
640 938
145 12
745 832
649 908
880 126
457 387
679 728
338 390
952 683
729 497
939 836
500 150
571 461
774 738
775 703
79 82
897 653
625 512
789 495
516 617
791 305
832 782
154 822
470 708
931 82
262 690
827 5
48 236
260 493
12 271
642 178
558 262
10 312
557 957
128 163
333 86
18 334
413 222
860 361
684 63
43 321
81 22
431 942
68 788
622 407
938 446
441 126
828 894
666 8
320 889
66 277
705 586
632 470
688 280
686 759
207 885
635 870
322 173
621 327
693 74
968 583
153 94
534 810
919 536
740 713
942 875
924 178
428 833
161 730
520 287
665 858
501 362
748 989
624 723
731 553
770 731
808 538
237 352
882 663
388 358
429 526
288 109
198 341
867 134
410 400
156 889
477 947
924 374
374 293
486 675
362 469
629 305
5 925
811 910
367 711
179 934
201 930
20 855
633 935
615 851
282 421
581 335
893 621
120 150
861 207
37 413
331 688
685 289
581 208
589 709
3 402
872 839
780 202
513 449
818 558
702 911
79 340
546 395
927 26
72 109
242 729
937 943
185 850
99 948
971 954
688 87
854 548
546 365
731 171
968 167
950 459
572 569
522 194
405 974
851 626
85 602
113 673
898 705
817 161
647 318
760 696
787 828
802 421
198 858
695 466
935 67
521 283
850 601
981 641
506 739
267 643
768 364
809 528
540 640
669 36
640 342
489 896
424 705
612 50
423 909
597 322
669 981
782 236
363 468
18 41
78 797
610 958
536 517
645 237
260 141
759 195
818 659
112 50
313 765
478 193
425 987
967 391
2 375
59 394
131 9
9 444
745 895
248 449
965 394
598 417
231 136
378 844
969 737
115 659
723 848
814 377
706 542
545 644
362 344
434 893
44 508
724 110
173 160
581 291
563 808
250 501
896 693
269 653
93 73
975 95
372 183
762 507
803 87
442 524
756 221
528 238
620 636
831 380
667 725
548 368
437 159
320 899
229 93
466 897
858 399
659 594
487 789
128 26
775 216
211 943
30 401
162 249
436 968
937 677
241 272
829 911
994 135
431 727
267 606
806 385
163 641
739 328
319 770
308 49
294 196
207 813
522 939
501 512
569 140
570 959
240 310
55 601
673 446
657 977
18 13
290 998
592 170
695 471
454 152
361 283
535 641
575 1000
973 756
649 774
248 767
377 477
875 426
680 684
681 245
810 418
474 761
374 365
946 162
71 455
883 709
918 452
866 909
596 230
253 965
415 458
970 959
565 967
222 960
794 193
705 442
719 137
850 296
443 130
689 878
447 586
715 990
737 122
846 260
85 990
637 641
176 167
56 716
953 578
491 527
185 936
179 517
422 911
866 561
580 359
965 299
966 636
152 764
341 237
519 388
281 494
86 619
68 930
675 154
555 432
209 124
428 282
301 548
531 571
489 284
828 859
833 679
292 777
727 71
233 775
726 261
764 200
30 284
364 702
751 946
758 908
7 628
56 102
185 326
938 140
332 435
354 343
706 224
856 525
138 633
285 995
749 190
436 369
437 728
332 258
170 421
681 724
999 698
708 677
431 446
832 421
423 554
597 235
339 727
982 319
216 138
829 456
961 240
537 495
213 867
175 997
239 999
520 209
52 834
61 175
1 716
75 991
630 15
195 530
338 391
452 643
605 451
533 678
438 938
482 934
193 569
654 478
629 126
187 455
282 497
836 952
12 42
305 48
838 218
363 395
528 865
760 370
478 725
686 94
232 787
637 564
586 786
326 537
408 182
707 570
45 191
29 602
395 400
896 411
237 727
721 650
759 886
686 312
764 552
729 859
128 164
955 297
405 824
211 521
713 463
243 152
547 880
806 751
94 813
385 469
815 791
212 824
484 37
11 447
195 426
358 970
930 203
125 821
626 890
698 351
705 585
19 9
413 776
498 856
206 601
104 255
952 77
826 618
475 584
995 145
467 584
897 91
90 289
256 755
795 902
578 10
29 450
402 433
532 431
570 742
916 974
938 898
577 194
869 618
620 288
13 846
394 976
434 229
50 290
990 950
512 345
929 574
577 492
64 217
887 715
337 361
411 133
969 330
516 153
577 413
230 677
545 767
784 849
178 448
164 51
149 705
496 739
478 407
154 105
11 672
874 472
819 377
107 443
163 509
440 854
2 37
154 324
788 607
480 454
577 552
796 718
604 533
920 301
567 141
235 428
272 434
645 112
93 278
663 670
477 487
816 319
911 496
785 756
607 813
438 864
867 944
382 998
929 481
345 746
846 30
872 757
51 824
696 579
931 316
181 133
608 159
55 748
920 11
72 372
464 135
980 855
587 811
699 953
152 292
158 286
720 231
497 82
693 60
894 919
697 57
705 814
537 587
83 854
815 521
281 994
70 560
215 697
643 664
76 97
95 903
265 310
507 871
125 684
950 693
169 146
646 428
887 24
541 721
251 378
338 302
678 29
420 997
832 493
868 507
948 218
341 357
624 847
777 837
382 595
74 352
628 783
809 979
740 863
631 900
688 976
797 410
629 355
97 818
848 534
978 605
260 940
373 37
984 502
412 615
417 843
329 135
69 137
338 335
981 407
982 944
624 240
314 676
188 352
671 672
512 855
568 979
943 956
488 542
50 829
127 825
721 560
154 879
83 191
649 387
31 39
270 869
126 99
864 88
336 737
986 27
338 154
236 886
975 749
889 612
488 843
819 785
968 117
769 100
384 6
646 802
8 914
674 443
379 419
200 302
738 818
318 258
983 20
54 264
370 117
741 66
600 958
547 665
859 155
734 789
86 8
712 423
928 143
751 895
365 208
187 784
904 232
248 802
264 7
504 652
247 172
768 407
53 403
860 773
534 10
994 371
468 926
530 241
363 320
397 270
56 280
717 541
574 254
688 877
71 160
863 132
877 488
736 644
398 611
455 662
349 143
60 70
410 53
145 320
933 423
572 233
754 708
421 659
939 858
994 504
178 392
696 27
273 420
3 207
153 254
900 810
176 681
69 50
839 594
899 265
426 801
408 300
345 919
79 158
300 153
214 691
107 673
695 32
902 760
885 466
832 706
337 164
281 321
194 551
894 98
414 32
770 264
756 417
94 738
301 914
840 92
440 330
149 302
565 327
372 473
472 731
110 205
556 31
99 604
1000 726
673 797
360 112
860 421
897 341
55 581
20 986
775 332
155 591
454 569
290 694
458 564
688 461
893 412
94 483
501 483
411 775
216 365
70 632
134 521
667 510
40 970
113 180
482 99
156 992
378 48
285 516
967 40
843 102
237 267
94 172
244 729
209 874
726 863
17 63
53 649
899 169
598 383
571 737
684 832
795 505
409 294
286 764
508 820
844 618
793 712
838 350
580 640
748 462
164 111
274 987
831 785
373 319
605 228
573 390
791 307
996 807
464 136
624 418
736 236
699 464
408 183
816 276
504 288
747 300
823 115
24 327
882 412
759 998
561 177
712 39
413 220
8 512
289 982
806 669
587 782
750 334
162 207
937 851
720 365
719 593
741 9
941 567
319 103
110 88
834 876
322 56
217 790
274 183
882 32
164 899
850 514
744 1
195 715
603 198
990 522
350 869
740 469
692 400
132 79
316 956
152 901
995 411
911 807
951 794
623 489
365 297
402 309
900 52
170 297
43 557
338 695
710 423
567 602
291 631
718 946
274 379
972 358
835 678
486 726
438 661
203 304
135 719
13 47
930 961
145 383
903 714
117 75
708 857
286 728
417 799
269 790
770 797
884 739
991 713
153 773
649 648
857 559
330 332
305 962
12 75
804 492
309 906
805 821
168 326
465 644
106 254
503 42
75 681
59 44
650 601
7 324
120 46
552 379
884 48
45 162
103 364
213 299
935 569
385 229
137 580
101 155
466 776
272 593
663 639
822 733
358 661
287 667
38 535
310 309
119 472
696 537
72 333
733 616
437 91
276 863
812 377
73 457
138 856
584 488
989 783
705 596
298 898
225 930
584 375
750 68
218 221
660 948
407 422
989 928
5 25
599 161
13 574
717 790
351 40
707 646
320 404
542 323
179 347
345 71
806 212
441 596
156 953
30 902
769 790
274 460
661 800
803 187
986 619
643 454
135 674
846 640
966 168
35 534
454 92
154 424
321 649
359 465
1 523
274 513
168 4
390 903
357 752
818 66
370 893
371 428
478 624
950 915
926 996
359 183
132 886
748 17
336 964
758 859
994 918
619 3
379 870
474 606
387 999
918 139
851 212
961 96
102 110
531 143
202 592
332 743
775 935
874 110
175 775
876 656
128 254
612 958
315 640
194 627
160 719
328 789
129 196
367 92
918 580
189 844
579 348
63 887
724 659
160 574
272 716
322 407
920 104
298 836
797 318
12 646
324 752
436 970
589 188
989 738
792 162
212 881
871 706
553 859
441 805
247 393
843 654
61 709
318 204
928 128
583 704
749 216
53 353
312 933
652 895
49 790
449 28
532 497
943 313
122 183
951 834
806 67
972 351
386 662
244 710
886 189
354 2
674 689
955 536
53 692
679 416
815 96
896 966
688 950
843 347
168 81
596 369
136 655
347 750
141 130
804 326
680 972
623 884
867 446
481 111
395 827
415 436
199 541
923 481
520 250
386 333
940 676
633 206
746 855
586 252
223 925
307 749
999 280
935 624
284 689
906 886
10 259
528 204
254 800
935 705
186 448
890 805
82 369
944 28
393 746
506 869
693 447
254 947
186 306
367 112
797 254
958 525
656 575
604 157
346 189
223 593
261 180
302 928
104 999
233 773
309 573
255 832
57 55
954 406
259 943
242 77
63 73
526 627
285 223
133 948
536 131
351 525
981 739
316 699
902 854
150 939
9 5
674 785
384 584
629 494
74 997
825 171
240 453
882 908
129 748
523 540
462 792
356 315
434 413
204 247
536 100
429 662
855 944
532 405
916 564
613 750
881 676
415 596
364 124
346 531
776 46
354 38
781 291
620 333
217 358
992 684
844 645
781 830
167 213
923 62
983 856
813 484
473 573
2 317
875 57
331 427
614 646
260 613
619 796
162 951
145 291
357 593
330 368
280 677
577 721
177 227
383 757
24 682
391 192
571 172
367 321
757 329
139 56
175 846
382 262
191 261
228 631
175 831
408 449
972 543
77 253
668 800
962 517
724 612
689 313
837 707
767 518
475 910
148 24
612 709
133 716
452 502
902 16
164 933
483 52
826 278
773 269
78 507
595 719
446 127
929 7
696 886
327 296
165 477
973 374
450 983
299 267
120 21
910 345
218 361
551 25
238 876
501 454
105 729
325 680
34 583
18 192
401 200
554 414
385 919
905 200
325 569
273 918
717 595
605 18
759 469
191 636
929 579
752 362
682 397
355 383
874 661
839 209
456 518
311 408
991 298
227 697
935 604
410 106
946 104
733 272
843 496
564 989
847 280
597 705
164 552
710 96
680 19
348 929
645 731
83 52
268 162
535 252
188 905
763 775
33 584
110 590
310 412
667 605
306 719
515 385
992 466
8 873
387 786
66 790
873 433
548 351
770 341
347 54
737 386
522 607
168 643
868 764
836 82
380 950
405 971
945 718
506 524
716 655
322 489
793 434
831 174
600 932
858 200
548 652
988 603
518 44
612 479
351 373
946 791
164 808
369 30
441 889
419 491
749 243
342 203
414 580
56 32
455 104
815 504
835 183
296 414
792 515
83 950
212 274
48 787
783 207
217 188
458 190
680 661
320 179
37 122
972 395
477 867
219 802
330 18
598 309
602 696
287 486
643 342
463 161
799 603
982 583
571 552
917 524
900 734
279 243
361 756
489 847
995 714
79 102
793 299
135 976
410 816
433 48
841 179
969 70
418 708
336 965
157 681
487 338
399 668
120 465
462 52
546 571
934 466
656 423
152 386
35 34
272 400
791 491
689 535
816 221
279 695
72 714
418 25
864 201
901 988
821 739
578 891
120 297
586 522
516 977
613 339
560 161
355 575
48 405
104 908
157 158
821 439
788 32
261 150
423 255
640 23
364 597
720 197
39 47
223 274
775 507
869 492
449 497
667 248
274 252
204 125
433 143
135 582
542 301
764 389
969 891
899 512
332 798
350 802
668 323
818 592
229 623
468 809
549 704
382 659
492 215
815 269
673 300
974 542
424 478
478 17
798 909
191 692
784 622
820 292
786 404
662 515
332 950
654 167
783 449
786 295
386 953
465 912
46 151
212 123
840 676
268 437
895 134
936 87
780 472
351 243
338 225
533 752
550 694
787 736
737 925
832 951
151 765
323 556
567 977
839 588
219 591
898 62
22 494
79 235
266 948
235 363
563 551
196 452
988 40
149 74
960 215
461 1000
599 710
9 39
175 794
96 335
724 577
527 429
192 524
889 759
506 981
323 249
548 486
589 206
886 515
367 224
632 335
230 579
842 263
232 61
731 5
474 230
919 786
21 723
425 442
220 949
276 903
63 473
263 651
547 516
967 887
713 876
273 655
845 279
307 856
18 221
83 897
635 188
943 367
506 504
491 356
496 62
731 481
675 850
252 603
822 380
218 551
824 11
406 382
65 440
109 255
856 477
579 691
251 530
753 766
4 476
654 306
54 590
3 156
650 833
890 276
876 277
496 585
595 455
249 775
235 308
865 93
439 166
63 714
125 285
443 272
632 8
671 920
193 969
432 15
695 6
453 407
370 503
111 860
285 382
815 281
641 462
845 870
385 264
957 888
856 294
466 949
508 216
717 300
332 782
954 184
451 148
762 842
358 638
416 465
125 833
650 118
262 880
886 173
94 675
599 46
124 142
87 378
223 696
826 390
544 699
984 165
660 769
419 949
388 76
669 973
414 86
217 54
311 836
708 644
113 342
297 31
759 251
248 715
47 175
324 317
725 55
93 445
661 509
773 849
795 185
465 830
74 446
308 552
936 497
934 812
867 283
779 877
83 360
65 309
340 121
566 955
723 952
705 325
435 313
504 130
969 472
37 213
258 39
337 958
89 601
443 94
724 197
525 436
943 933
358 596
541 201
135 141
770 769
937 27
35 9
611 730
996 596
689 4
358 425
153 327
118 997
968 92
966 955
148 78
702 749
29 861
410 705
177 714
380 951
863 954
58 191
243 377
171 500
981 276
603 489
471 345
536 478
440 499
39 181
629 693
401 599
637 138
324 557
347 324
99 743
744 208
358 69
378 434
696 787
329 878
40 727
807 1
114 472
246 741
925 470
859 350
308 456
579 847
284 113
70 582
307 144
592 194
479 502
616 200
264 253
598 104
194 354
412 301
147 680
114 525
795 788
123 48
298 201
36 720
809 976
739 403
135 668
744 571
84 196
912 487
72 644
658 247
205 856
683 584
299 835
58 586
757 204
946 13
527 258
839 986
733 371
506 730
349 74
757 125
316 373
619 116
527 649
39 457
516 414
15 221
521 346
872 792
10 523
656 9
71 658
295 542
831 696
617 740
279 577
393 530
671 963
475 557
513 289
366 977
242 611
176 863
352 175
928 308
304 2
346 389
291 284
699 139
77 307
208 430
408 96
819 786
716 974
698 65
302 686
155 838
374 587
566 72
159 418
242 980
975 524
542 225
29 978
934 724
295 51
772 765
989 785
112 550
997 294
891 303
489 983
237 113
511 534
493 7
864 741
388 117
86 126
490 799
131 429
792 497
991 84
838 532
584 627
14 122
401 151
130 591
648 144
668 243
775 778
311 573
757 541
995 904
136 339
504 621
786 405
74 387
610 817
507 723
164 144
257 530
773 570
945 397
411 489
620 9
378 876
641 948
827 929
83 401
933 868
474 798
679 785
699 20
960 253
714 420
491 997
457 853
23 898
989 239
900 864
723 63
742 489
551 717
951 87
275 558
516 656
695 101
176 119
673 583
525 734
908 298
534 340
665 491
391 781
580 350
167 810
560 78
392 464
727 210
713 416
847 991
3 938
885 492
831 144
582 706
398 373
419 698
683 409
721 110
994 485
945 994
952 855
54 410
792 303
982 230
125 527
678 751
971 371
809 620
256 636
994 560
596 876
868 201
997 427
252 374
627 610
242 444
481 604
599 472
587 304
238 944
995 87
834 203
503 468
913 216
71 240
570 689
420 824
602 715
635 413
251 404
756 449
611 148
539 211
28 340
140 318
148 785
535 391
482 819
947 295
839 781
936 52
719 331
847 262
170 884
758 478
657 398
260 645
64 270
241 950
810 823
963 140
44 343
64 701
637 560
712 761
89 798
555 869
372 235
599 628
309 710
576 892
132 833
996 512
779 490
410 635
486 294
414 3
567 75
663 353
828 533
782 803
534 581
176 148
984 779
111 44
183 499
3 889
354 819
480 634
669 392
10 7
694 185
12 761
509 645
369 278
536 479
741 54
372 687
356 20
416 275
68 672
829 947
99 714
484 944
748 677
108 516
589 176
165 475
592 953
523 429
857 299
37 248
117 611
215 518
18 62
271 272
739 152
320 314
249 388
428 973
947 839
910 121
179 497
911 800
422 370
407 193
481 790
252 632
182 835
589 102
148 983
990 954
191 765
464 904
374 399
175 202
587 58
938 302
783 666
577 480
950 707
586 382
948 633
965 946
24 891
619 250
835 969
786 913
895 89
465 616
162 584
365 124
850 349
637 611
799 276
997 905
163 78
864 449
628 282
644 519
556 414
618 227
413 923
676 775
91 353
515 387
384 143
21 86
704 472
746 79
360 286
772 853
258 554
470 822
993 103
534 655
59 749
794 616
65 616
409 526
181 50
558 9
826 185
699 957
828 799
171 4
209 201
228 115
854 283
253 780
953 58
789 676
803 937
266 905
315 805
29 239
639 992
218 216
420 700
517 874
540 669
78 580
778 262
947 645
949 479
281 940
921 994
683 143
705 843
695 892
455 507
947 931
363 344
294 782
260 138
632 947
322 479
431 227
752 136
536 697
973 860
446 548
13 255
406 894
348 754
130 317
22 887
761 287
946 187
654 376
892 707
841 343
206 257
615 797
282 19
395 784
567 606
934 325
993 493
650 774
905 823
728 878
396 446
589 787
236 573
323 707
287 36
46 309
528 84
874 123
487 733
509 101
595 220
50 539
701 309
382 348
976 533
405 779
153 290
262 140
711 951
340 816
54 226
99 983
25 792
319 218
472 707
841 606
626 988
452 242
591 430
538 818
578 539
464 103
156 974
927 936
416 282
203 962
522 114
81 482
23 514
637 173
151 723
489 982
109 421
440 238
501 523
941 798
855 824
14 200
365 204
97 662
482 488
321 46
873 521
857 140
434 327
228 707
330 820
368 463
938 951
441 629
622 895
346 570
795 243
498 721
421 445
79 689
979 511
66 572
416 531
933 466
559 104
282 196
28 480
235 44
328 410
829 242
634 410
317 990
178 388
736 486
537 763
701 824
864 282
737 12
24 593
442 224
334 434
731 147
948 966
36 280
521 952
816 364
135 212
998 68
547 236
202 627
349 736
189 907
225 434
221 343
84 627
68 24
620 605
71 919
955 256
314 248
261 415
153 318
284 976
727 380
452 270
682 687
258 963
522 308
584 69
993 345
552 995
973 109
538 570
722 303
426 240
211 846
506 578
363 855
309 165
863 514
276 786
929 120
432 560
589 46
38 828
522 499
705 529
65 882
330 630
717 842
294 229
498 896
743 974
431 854
89 229
768 472
843 828
131 392
955 938
338 828
445 248
235 716
880 263
701 295
227 416
691 369
342 979
200 1000
691 942
296 231
194 234
505 183
527 780
438 653
994 117
856 78
397 168
571 741
843 376
723 926
886 446
202 767
461 527
695 538
801 844
687 168
525 61
931 890
373 323
918 65
109 640
735 732
719 251
614 487
448 934
600 369
28 746
158 585
430 818
515 136
512 898
549 489
534 23
980 250
156 970
105 731
162 374
471 224
842 500
555 757
119 722
584 131
241 123
289 889
242 827
6 190
214 445
257 372
223 545
423 419
371 850
392 461
409 561
927 979
397 836
294 224
282 689
663 821
447 190
30 466
656 10
76 148
835 193
359 775
221 197
345 333
74 949
713 981
78 617
83 833
194 396
565 25
52 76
824 157
238 883
152 538
302 524
692 412
604 672
308 357
459 29
630 416
762 728
946 547
764 318
322 329
507 975
18 78
492 25
661 776
20 774
596 615
265 767
969 531
992 732
772 10
301 136
814 389
321 816
994 25
445 367
28 441
856 42
625 467
352 345
169 373
716 67
329 127
184 854
150 127
532 284
600 222
693 911
934 659
897 666
956 163
405 419
781 414
756 844
839 534
149 942
477 369
633 139
230 11
158 820
144 354
421 720
284 890
357 156
233 134
50 628
290 199
7 102
559 981
233 23
271 669
552 669
672 30
665 418
872 762
724 635
308 765
881 636
182 36
315 582
785 922
751 19
510 679
39 183
461 353
581 560
765 435
920 259
342 492
750 473
972 883
869 501
194 47
507 28
803 987
899 642
321 208
394 524
307 869
125 566
27 354
716 78
294 956
557 890
173 837
688 759
545 850
435 118
982 686
938 867
227 504
9 653
908 527
196 777
69 517
715 31
553 328
934 255
443 688
407 85
355 412
526 21
966 172
199 791
314 591
359 340
212 98
725 221
42 759
499 758
724 5
558 617
625 584
679 879
3 214
499 359
130 338
227 948
586 117
275 822
839 369
673 959
633 54
295 134
118 574
833 763
490 177
58 285
24 741
33 472
279 579
564 999
858 708
880 632
738 634
817 105
712 897
976 534
152 248
673 554
121 725
292 700
890 951
7 219
963 161
309 479
47 719
907 294
195 472
68 874
931 428
958 887
191 487
467 952
67 146
825 34
996 29
444 274
851 882
395 682
184 5
293 685
520 874
995 351
627 648
2 174
61 818
703 231
83 998
433 683
420 951
807 773
633 267
847 921
423 653
924 406
891 877
840 969
213 841
674 717
400 346
74 385
990 115
689 676
136 292
359 352
291 896
878 964
875 69
991 367
867 341
245 73
875 206
452 661
350 268
410 161
909 185
162 542
988 406
571 422
250 487
502 651
987 726
804 32
805 969
735 520
480 20
337 509
840 276
568 867
372 145
580 494
488 910
345 779
590 787
125 618
308 62
284 930
896 292
723 156
275 673
10 158
176 234
603 309
430 723
489 373
660 308
257 367
115 463
371 889
651 923
923 990
618 474
587 793
38 595
495 280
78 368
926 162
86 847
676 46
886 678
812 317
556 705
307 959
18 310
589 45
238 229
76 192
341 178
66 42
322 64
198 567
60 588
483 47
855 991
15 148
739 894
777 413
469 241
919 467
179 4
880 571
848 949
188 462
62 244
943 78
840 997
457 315
442 577
892 661
287 443
218 836
130 482
353 235
500 366
121 119
69 255
70 72
328 439
92 688
754 741
645 594
79 938
447 950
84 988
378 753
568 545
55 173
75 563
188 882
705 408
638 494
782 516
966 713
634 657
227 861
283 813
824 917
901 895
993 246
645 901
426 657
266 806
31 506
987 464
167 748
665 84
887 486
707 945
902 353
985 823
94 59
713 352
319 140
379 497
841 644
59 707
426 322
872 302
135 366
319 98
301 659
967 566
952 373
897 436
4 714
246 621
542 78
527 318
693 34
507 115
592 955
664 472
60 737
556 798
963 804
214 126
398 113
274 195
699 750
773 43
388 79
478 248
748 581
341 105
70 601
329 593
682 720
296 422
939 332
647 919
564 87
782 138
485 778
181 513
887 419
945 851
786 72
571 802
575 710
602 672
867 284
389 726
799 611
411 290
175 325
732 646
952 638
297 335
460 813
135 603
50 49
288 646
399 998
173 181
945 292
14 514
879 485
749 514
438 827
281 108
287 66
568 940
73 498
700 185
52 639
279 574
671 1000
954 316
629 894
336 763
120 162
215 301
292 522
957 808
271 848
258 231
461 167
257 294
592 679
564 721
357 125
216 895
893 27
911 428
422 740
831 325
716 646
876 990
589 147
259 858
940 323
158 256
894 526
441 780
817 490
657 716
251 933
160 979
510 902
848 49
122 954
416 77
56 36
4 972
152 631
482 450
204 737
178 971
895 682
493 834
919 426
252 102
51 152
201 523
810 151
739 7
832 483
308 176
744 687
760 418
819 159
608 502
826 989
666 630
190 604
230 537
302 378
567 698
914 264
411 270
861 129
288 563
531 497
883 633
779 539
419 796
861 187
992 950
244 163
652 250
103 88
253 939
560 537
465 731
608 885
23 1000
48 220
987 491
257 96
512 762
876 653
118 719
44 63
279 800
964 120
323 112
932 542
250 183
189 839
836 434
494 90
684 254
725 998
18 179
656 615
786 554
824 393
695 414
309 79
609 601
972 48
179 306
102 574
318 253
823 634
152 693
265 122
711 501
587 555
511 531
599 320
144 660
859 447
356 403
284 80
752 456
421 89
305 179
83 598
504 513
378 38
442 827
995 909
952 984
204 573
98 24
529 162
265 903
32 886
121 367
398 613
188 9
335 458
283 295
265 784
595 46
18 712
844 636
993 414
795 384
686 802
27 826
102 338
326 778
439 41
211 54
763 741
177 250
988 262
681 698
791 293
387 547
318 789
239 352
90 732
76 863
628 348
846 271
59 107
97 284
337 269
870 177
818 468
675 421
90 591
436 631
54 930
609 441
314 23
722 120
686 295
245 573
788 371
1 71
797 763
732 464
293 780
573 800
206 827
635 647
375 896
413 99
785 976
756 64
402 756
774 100
233 776
87 253
129 965
350 593
721 99
996 163
582 848
859 253
203 881
699 596
838 853
967 883
554 276
756 914
905 70
964 679
108 705
513 537
4 900
995 203
298 377
869 750
618 814
216 226
640 644
208 646
796 31
212 342
160 505
969 629
680 736
386 829
256 780
890 209
709 635
985 195
415 736
680 655
238 283
772 167
739 428
904 887
745 943
874 717
930 951
538 484
278 171
300 567
799 543
545 724
491 164
832 120
657 387
876 273
589 840
475 424
420 511
978 321
415 36
365 933
847 33
685 326
870 683
432 436
396 727
783 997
7 684
867 780
427 747
599 625
211 304
653 441
125 394
693 616
992 459
243 67
333 657
785 658
225 589
707 833
357 88
233 970
148 37
796 860
87 16
825 895
437 65
812 403
997 153
570 238
360 82
214 157
930 194
34 783
806 625
388 810
721 216
688 495
782 361
358 815
54 488
165 425
260 115
634 387
191 389
673 398
659 79
915 441
556 573
655 443
187 975
366 467
340 167
360 701
37 65
791 118
852 826
924 479
912 511
977 222
40 202
882 625
41 151
44 754
529 122
838 396
35 497
942 546
969 385
809 154
59 471
459 529
78 27
502 401
415 506
112 379
331 731
150 125
266 534
885 193
446 175
779 732
795 659
207 115
126 255
528 107
562 16
6 894
23 564
561 501
504 56
157 482
653 477
824 801
716 855
418 14
612 896
833 981
945 999
251 632
238 358
355 518
324 267
966 974
642 944
38 521
82 709
10 38
998 511
871 583
677 942
215 995
362 597
453 826
39 418
829 867
663 859
688 173
262 848
216 670
532 22
55 907
204 455
886 751
949 646
837 853
397 713
592 920
366 343
539 675
227 143
527 386
929 919
783 52
142 932
364 780
380 586
160 67
35 849
566 607
327 41
274 439
186 795
248 892
355 160
827 108
574 197
443 581
133 385
743 758
269 193
810 295
163 219
749 306
511 3
629 364
259 68
598 441
970 48
273 288
404 215
732 538
330 290
903 437
317 552
512 814
729 472
912 8
19 930
611 540
723 182
228 760
282 304
358 111
289 596
288 897
509 241
521 897
510 300
870 138
708 305
33 623
345 813
253 140
277 815
422 923
323 994
766 90
181 448
128 244
747 492
745 221
138 437
785 858
551 523
717 287
366 823
650 296
744 387
565 667
603 344
901 761
243 345
82 681
358 570
458 648
475 890
313 139
360 282
364 594
54 434
692 187
759 171
995 496
372 785
928 279
583 553
752 747
548 582
424 534
170 38
796 278
464 279
636 85
374 185
781 599
303 247
985 452
473 152
96 372
187 902
994 266
136 456
911 869
715 172
5 682
869 939
248 581
305 576
30 887
424 82
993 541
670 726
602 665
655 572
348 523
893 321
813 633
616 597
526 358
395 928
657 21
491 187
532 819
141 882
5 989
779 518
784 912
418 626
865 219
315 230
942 65
28 641
826 944
642 389
291 113
794 120
558 17
724 249
687 503
231 795
470 689
474 410
272 354
684 671
957 909
262 333
700 298
68 244
140 809
642 167
111 822
499 16
46 711
726 729
512 711
642 854
81 503
457 516
295 284
280 11
980 688
820 653
650 768
931 364
492 846
976 899
668 841
462 678
889 762
980 807
584 72
937 888
475 809
663 786
354 666
769 379
254 663
691 950
998 534
977 191
493 86
359 877
750 6
165 436
187 310
707 305
377 566
892 211
180 215
381 850
769 295
613 647
959 879
197 406
967 144
38 108
4 20
316 774
616 260
486 594
78 492
164 466
511 997
718 712
705 82
118 9
374 423
925 557
451 902
804 642
862 152
218 22
774 206
468 159
718 891
278 168
705 380
83 448
784 877
179 961
258 92
724 63
201 30
457 228
644 664
774 731
244 228
210 980
74 273
241 938
513 686
404 852
407 579
837 26
226 782
241 827
132 958
168 399
576 284
883 568
907 164
413 947
716 812
110 551
759 846
450 440
241 613
262 493
137 674
871 973
30 55
417 146
755 76
67 78
621 907
531 607
253 263
788 118
755 253
96 590
918 753
262 885
945 565
285 12
164 931
333 256
860 567
80 225
354 384
229 960
161 352
57 823
518 356
332 463
530 270
469 34
416 914
233 281
660 765
1 95
521 81
995 230
373 646
302 386
105 876
550 164
56 360
97 588
287 439
67 724
490 629
230 120
503 549
450 595
131 502
87 810
236 416
740 528
559 188
192 6
302 362
296 996
593 882
723 959
580 860
317 914
304 479
268 122
325 103
456 746
738 128
521 69
727 780
197 61
37 388
331 683
558 222
372 53
282 595
743 230
177 1
435 761
537 289
810 791
524 105
653 470
362 926
301 817
695 97
20 815
104 692
462 508
216 978
323 918
950 81
163 801
864 146
557 949
858 432
396 937
698 25
918 546
578 563
834 681
927 944
397 869
822 142
953 205
259 860
594 297
384 126
372 655
414 940
864 623
578 725
595 753
360 264
659 140
427 432
591 320
113 11
95 911
649 55
557 742
579 818
711 305
472 214
866 442
829 294
27 276
639 595
217 134
810 316
330 879
527 208
18 960
682 363
866 156
761 434
889 357
892 616
987 944
363 122
117 391
743 471
304 620
502 323
643 237
311 363
810 582
813 677
754 564
173 262
140 81
732 539
624 990
145 749
643 122
149 749
22 85
150 30
192 256
680 245
420 304
684 549
214 828
430 873
258 234
500 630
992 150
702 961
645 842
427 677
615 76
713 220
54 964
21 5
3 518
173 516
614 140
428 9
230 133
660 428
555 574
900 298
704 568
633 390
863 884
402 730
668 870
100 352
281 394
780 596
30 15
567 316
860 298
349 811
902 67
744 275
318 266
122 651
764 846
251 869
214 363
888 621
329 979
404 311
858 278
501 757
484 997
808 927
418 471
133 32
669 110
686 820
671 478
87 313
659 168
554 318
807 32
259 598
992 998
316 541
797 202
29 352
674 887
471 975
501 654
143 145
958 39
264 15
577 265
930 604
143 281
551 428
682 45
259 372
811 323
170 345
670 522
290 878
403 565
351 811
320 149
106 746
71 152
93 480
990 118
226 195
659 520
169 289
79 802
705 151
227 759
763 409
691 164
657 20
947 571
126 459
552 254
554 916
426 64
614 620
283 726
768 294
337 667
994 585
754 847
166 673
631 567
597 643
236 740
837 200
804 35
78 516
370 747
25 444
390 644
266 958
103 207
345 927
514 72
295 569
263 658
505 565
90 589
570 339
628 461
152 168
6 839
466 824
729 838
145 789
384 75
42 635
137 645
393 787
656 679
180 749
642 966
772 809
186 442
149 310
423 443
560 67
686 519
672 535
744 106
285 438
323 255
986 206
403 183
721 976
542 198
817 453
289 44
398 382
354 522
885 798
320 646
820 851
821 6
454 561
483 37
536 138
95 801
591 684
956 284
890 539
962 252
835 374
229 939
275 207
928 163
303 293
87 434
822 664
237 481
536 936
795 949
703 260
541 169
190 937
891 44
412 483
490 911
398 186
790 648
682 1
321 959
382 512
663 360
750 142
957 10
740 750
317 171
501 190
504 910
543 925
838 279
471 765
520 218
286 352
64 246
541 636
256 712
286 853
623 800
771 491
814 335
175 275
303 718
931 657
783 592
950 945
182 565
136 545
653 68
529 190
852 484
33 820
433 114
912 735
610 274
828 349
637 715
968 109
144 378
367 334
369 783
940 790
758 565
414 501
237 718
970 525
10 302
836 214
512 676
370 320
560 144
638 937
137 306
101 65
86 767
695 339
829 401
265 214
284 726
447 186
566 164
388 788
337 836
289 185
844 141
316 598
958 157
118 430
381 644
311 813
864 674
630 565
817 860
822 889
290 948
369 853
448 356
356 597
341 487
535 595
368 11
80 415
672 51
341 328
490 626
679 400
781 320
196 928
748 245
568 371
143 631
554 842
249 90
766 529
839 863
843 280
61 315
615 756
619 241
917 610
245 182
5 788
62 863
729 450
72 987
679 980
667 820
447 548
28 714
965 39
896 594
714 505
148 876
719 72
585 108
73 320
92 36
220 17
77 440
719 665
176 87
377 9
250 808
897 41
201 484
335 625
85 782
140 577
871 280
976 788
115 27
43 278
980 745
72 486
128 8
348 403
281 606
745 1
48 383
303 909
660 94
823 738
898 727
829 865
702 497
656 909
87 167
894 525
164 960
823 531
609 931
391 235
263 696
622 155
554 347
540 666
63 287
912 785
658 301
754 130
42 6
63 364
302 556
764 495
69 751
184 331
401 830
497 128
374 194
216 220
986 960
806 95
830 849
687 808
834 268
108 41
606 312
611 66
335 322
173 611
49 605
87 969
326 3
421 277
244 904
210 744
502 320
875 230
622 561
854 326
348 894
957 276
279 264
943 865
987 849
291 198
406 245
157 817
698 209
508 747
687 363
202 358
352 71
975 33
690 403
620 848
380 557
417 541
496 998
745 417
599 586
249 690
220 873
287 944
564 914
139 121
413 890
290 231
127 518
6 235
890 581
765 128
73 606
192 833
681 799
774 236
331 845
209 14
788 440
76 88
522 236
265 157
798 113
102 674
985 526
588 413
248 29
392 280
800 629
104 311
581 528
215 886
398 274
244 7
347 422
811 23
358 35
742 621
358 794
416 253
221 870
682 776
55 798
773 223
262 604
265 456
375 509
804 827
576 650
705 987
509 165
800 49
783 296
127 418
218 586
610 856
544 351
52 725
844 665
38 288
23 468
904 862
876 10
3 24
866 16
886 87
580 774
541 520
653 974
680 948
164 237
183 771
205 967
623 433
311 255
22 118
135 813
780 422
574 111
454 867
656 107
16 202
737 112
776 780
314 931
707 992
263 30
505 564
239 515
774 430
121 516
767 901
951 194
771 616
663 590
63 770
600 726
909 714
569 649
327 905
193 203
869 198
686 516
484 164
391 664
675 859
492 735
988 756
656 263
955 485
47 751
394 287
592 961
161 120
237 813
842 913
882 162
167 6
80 104
171 67
744 159
340 171
976 50
769 997
678 737
745 52
111 458
723 74
464 757
229 571
929 718
126 808
640 647
143 380
56 334
476 687
725 428
283 73
188 487
967 35
130 732
868 420
462 360
18 777
457 452
813 970
460 694
446 993
948 611
145 394
148 799
657 168
98 426
211 249
486 781
344 790
418 549
685 417
819 41
653 67
620 250
732 988
14 519
509 341
789 387
990 284
406 189
706 975
746 800
231 936
303 559
988 229
499 464
690 347
379 806
430 934
325 308
996 283
976 692
610 165
618 137
1 55
220 445
668 905
427 893
998 244
525 764
197 923
955 291
314 153
405 846
903 67
483 546
524 308
272 765
536 346
370 208
133 820
134 23
962 396
963 125
211 896
530 840
513 958
110 246
366 92
573 946
423 47
869 75
266 358
159 753
439 221
152 321
526 599
267 656
604 927
312 7
294 171
955 751
743 920
872 95
323 393
159 791
165 342
117 621
613 808
598 536
526 881
48 912
376 711
731 693
995 232
448 357
817 940
714 576
934 69
226 934
834 297
415 560
454 222
791 821
577 73
140 329
51 94
415 705
347 987
187 686
83 369
676 506
752 64
558 770
358 929
875 138
306 131
404 570
455 998
258 62
866 843
81 641
580 749
909 253
682 847
466 76
821 354
508 780
457 791
754 999
701 748
407 609
546 559
893 836
513 478
534 52
646 530
801 910
638 232
567 52
436 554
127 621
148 230
215 158
293 880
101 19
194 919
121 685
964 151
640 229
474 391
147 279
419 538
663 999
685 875
744 313
764 804
226 665
806 513
128 440
670 873
66 332
375 250
926 254
203 941
241 242
548 877
497 72
960 864
134 285
650 884
971 416
347 458
76 4
403 460
705 732
869 321
678 809
492 340
476 881
441 754
886 908
498 965
743 781
778 659
816 546
800 935
963 661
327 117
455 497
994 357
206 889
913 265
238 626
421 50
373 777
626 435
273 251
648 473
840 801
268 314
382 936
239 801
10 833
620 28
396 86
843 263
43 665
900 710
122 348
505 332
527 609
326 802
454 375
539 463
91 292
960 232
267 336
819 351
583 462
650 915
820 503
430 879
968 306
396 267
879 580
223 928
673 588
577 514
409 944
512 591
361 431
508 458
680 277
545 686
816 213
742 69
381 37
776 117
822 78
665 385
150 715
318 697
195 78
121 659
342 291
750 668
91 97
114 130
955 472
479 910
997 77
672 994
713 542
716 683
241 269
441 963
189 549
156 466
114 100
119 213
322 121
547 528
402 961
609 831
5 100
616 13
392 119
839 333
507 172
91 557
403 345
796 384
100 821
229 663
892 313
565 205
144 551
716 111
170 327
852 927
999 536
194 321
75 206
648 102
776 59
958 263
692 887
485 991
126 751
753 839
936 289
365 633
296 128
353 337
316 67
27 16
79 812
444 255
266 715
140 224
732 586
187 327
634 420
671 761
502 476
31 862
123 937
815 49
153 196
158 599
812 511
992 197
511 407
993 124
872 891
397 804
993 258
571 155
594 792
29 995
244 417
64 711
270 847
508 494
54 934
736 73
755 855
201 11
380 784
970 614
132 763
663 585
45 370
138 84
11 174
247 523
362 758
626 619
168 835
371 892
924 766
906 81
365 737
285 436
531 580
215 55
289 113
937 893
755 226
284 762
641 357
491 221
207 818
570 149
440 434
901 363
812 314
794 989
65 567
711 580
472 963
792 88
437 267
220 909
356 349
805 158
530 406
180 35
436 213
754 120
534 794
459 92
367 575
425 348
86 157
415 825
161 714
367 684
43 682
715 729
51 167
108 332
878 280
971 86
848 795
777 273
965 636
951 953
53 622
575 681
833 26
697 555
584 884
882 585
352 708
844 942
178 64
931 514
969 347
805 37
21 870
575 911
670 913
876 254
614 476
2 165
353 95
170 895
944 552
158 544
490 464
550 714
461 721
980 275
999 81
516 605
392 951
895 729
121 453
306 593
400 662
129 456
665 517
84 816
522 213
570 373
348 363
756 24
758 698
301 859
215 245
401 857
293 859
811 914
776 943
409 650
836 103
413 210
220 732
557 315
315 560
38 139
233 523
774 68
543 265
690 879
86 876
897 399
654 522
631 448
426 97
636 442
928 483
838 794
87 370
311 958
26 826
251 13
643 681
373 218
368 303
740 479
463 657
338 907
997 456
745 474
34 604
60 476
170 396
192 716
449 35
235 686
19 353
534 1
79 593
999 544
446 672
675 886
394 967
749 441
398 775
368 156
313 749
210 627
915 498
919 493
593 998
49 640
990 666
343 802
344 836
61 313
546 987
953 971
880 229
748 580
131 823
361 399
390 544
743 146
376 452
249 954
979 857
511 478
884 16
97 126
818 182
609 433
652 49
972 243
429 488
345 981
608 989
970 732
666 245
745 340
50 622
609 485
21 95
647 255
704 479
689 397
585 332
87 765
572 606
702 661
325 663
745 118
413 182
234 501
107 897
293 960
63 170
10 34
358 530
746 230
345 401
167 120
573 981
152 303
212 871
671 440
565 933
656 911
17 919
995 924
237 244
788 132
717 42
665 631
82 995
104 183
420 699
682 786
246 765
727 347
674 878
126 903
368 331
479 105
692 126
876 646
807 799
186 807
5 289
796 44
484 512
662 628
118 197
653 710
891 839
50 285
862 858
2 472
459 723
45 534
516 209
184 600
985 220
50 127
967 264
400 18
612 726
867 396
923 366
213 514
183 942
679 869
890 976
885 161
629 577
112 633
828 263
685 138
801 339
845 964
480 364
228 986
980 553
853 805
909 595
987 287
399 389
550 847
898 484
466 994
180 532
492 870
93 513
288 923
760 770
872 732
466 629
485 215
769 482
533 121
332 846
82 677
459 772
256 330
261 215
29 91
215 880
18 460
381 616
850 561
623 228
181 817
155 666
877 921
398 50
293 312
791 553
320 458
543 884
178 1000
3 154
757 628
848 816
373 891
910 56
640 556
770 663
678 52
776 353
243 951
384 755
17 712
952 989
312 636
494 868
870 651
744 543
965 697
841 491
145 428
202 87
424 229
387 507
316 51
870 622
373 14
889 26
174 977
733 318
719 383
407 853
672 714
156 603
435 532
455 937
921 349
244 140
145 607
918 50
304 325
582 239
474 568
220 36
629 128
922 288
337 256
301 229
802 970
625 985
205 265
868 607
283 791
395 497
750 607
896 314
497 971
133 589
577 783
154 616
964 89
413 205
620 747
917 205
646 773
594 458
638 618
431 921
966 778
864 972
24 131
557 359
225 774
427 828
1000 874
731 28
401 559
94 716
225 887
247 502
479 131
47 975
584 697
327 463
493 995
220 829
424 758
82 826
531 3
551 508
238 969
632 788
725 313
542 350
874 299
908 638
584 998
358 465
238 555
609 82
282 513
125 314
183 579
791 896
859 502
304 600
876 104
457 398
60 125
406 81
463 96
247 713
175 284
367 365
1 585
460 918
266 639
141 301
957 715
517 111
488 562
570 220
913 685
571 329
790 21
629 243
171 967
524 65
447 658
659 986
432 34
258 749
352 240
840 133
827 385
560 772
137 597
870 33
376 869
30 168
603 742
286 54
883 150
964 189
413 209
306 771
152 421
975 607
959 378
779 192
910 922
958 934
542 33
854 759
323 365
252 93
513 813
757 539
402 868
129 548
736 848
673 167
273 721
91 886
630 665
498 718
248 903
561 618
356 370
765 650
124 246
587 758
555 84
938 84
42 33
82 798
302 535
907 979
696 94
968 707
493 856
442 922
424 353
721 509
902 586
264 202
415 941
554 23
169 51
482 26
191 614
621 237
40 754
776 244
873 761
338 573
809 12
518 932
705 163
335 280
248 434
355 502
451 759
524 688
946 30
862 410
900 627
413 704
509 814
514 237
418 694
577 651
979 11
762 377
942 283
875 938
159 125
514 156
560 962
82 122
332 758
243 879
401 939
699 102
702 779
595 185
127 254
262 152
300 491
484 280
671 244
965 471
306 852
128 156
699 215
393 808
637 447
91 7
163 946
792 34
902 91
63 213
944 173
581 680
983 4
987 65
626 771
272 874
441 933
349 884
423 205
120 723
817 514
825 15
958 813
171 141
924 965
919 84
982 183
493 26
337 566
545 9
749 233
288 627
536 884
613 842
688 543
63 361
88 891
391 625
566 592
159 922
54 496
1000 656
564 49
308 759
754 355
102 349
791 746
334 883
943 415
515 764
425 966
634 452
83 428
887 538
677 80
18 847
93 265
520 149
273 513
500 317
631 421
247 512
253 579
969 274
628 561
62 751
299 478
856 188
885 734
257 815
274 903
849 853
22 105
729 547
359 168
235 358
165 478
240 741
82 207
814 100
743 6
949 643
861 87
241 886
372 132
708 318
84 678
951 74
974 153
277 119
58 677
447 315
384 624
663 448
935 726
824 244
591 144
7 67
814 478
631 346
323 118
863 880
3 808
388 570
335 711
431 900
638 996
208 197
854 716
157 148
472 634
489 700
609 595
997 593
64 36
1000 48
854 319
108 565
143 214
459 293
422 427
316 682
337 641
47 554
764 40
471 602
735 505
705 702
27 470
565 90
35 995
90 378
187 812
919 599
672 144
503 346
160 100
71 118
668 375
402 225
812 916
304 863
679 452
667 260
133 480
282 810
178 203
476 484
60 235
193 270
839 147
252 815
383 23
418 540
576 248
763 522
213 549
415 441
753 560
862 338
117 185
634 277
469 892
789 477
537 364
352 102
345 995
417 574
224 32
462 30
391 102
548 187
979 801
470 916
785 680
721 763
932 681
76 571
149 193
558 359
436 659
974 407
707 248
347 793
424 842
186 297
66 259
661 312
111 241
332 194
268 858
712 352
364 691
950 686
935 62
151 527
182 844
765 741
233 556
473 477
868 242
618 921
930 525
643 732
421 150
464 647
981 942
839 448
622 944
950 891
536 987
424 277
151 834
361 894
929 700
289 506
455 328
677 236
576 951
758 419
173 535
725 26
140 416
433 426
678 191
843 227
40 212
369 536
23 501
390 792
874 567
676 449
472 351
92 536
790 345
244 963
317 905
361 553
396 24
514 407
897 517
663 58
795 354
500 228
304 391
358 206
32 630
804 508
390 205
535 124
684 602
716 550
892 993
168 485
704 215
499 469
300 226
121 459
89 869
443 298
286 164
125 388
676 788
663 766
45 195
820 767
103 461
629 340
536 302
370 380
703 642
104 902
725 838
449 587
819 853
129 793
21 283
335 473
197 698
474 81
458 890
935 508
993 715
523 198
103 768
198 872
750 453
843 613
923 310
795 710
764 225
233 639
678 689
555 198
958 129
768 269
156 58
958 483
192 718
891 972
855 617
622 844
92 815
98 248
781 491
485 900
951 927
899 864
886 240
689 660
541 427
834 343
939 8
804 675
499 647
936 507
956 998
83 370
212 86
694 652
839 859
663 233
473 427
975 179
122 327
914 449
130 112
102 284
540 645
50 187
322 948
462 904
182 388
188 813
68 299
40 268
867 14
524 523
120 922
653 326
749 797
914 882
755 864
827 63
258 718
496 223
359 883
951 150
93 650
332 582
6 771
402 532
186 399
224 822
78 145
707 803
492 659
593 184
884 329
99 563
466 542
16 721
95 949
719 569
952 92
817 513
143 253
971 468
533 325
57 116
954 746
332 10
651 646
907 528
893 487
859 315
846 551
836 360
688 385
427 439
126 901
267 452
809 659
114 289
801 343
416 947
90 343
388 441
764 346
208 785
421 63
443 603
540 43
965 562
316 186
615 566
454 817
692 781
676 394
235 938
868 346
62 541
396 81
600 386
743 291
452 712
128 654
525 125
362 221
144 408
275 830
644 605
115 959
685 375
408 477
980 341
512 979
585 163
552 436
3 508
6 973
780 156
339 308
231 834
220 497
4 42
836 155
653 507
950 135
584 195
253 488
661 65
275 762
721 862
492 982
246 787
90 775
848 359
925 253
198 801
398 359
271 927
272 855
557 402
929 107
471 740
639 565
21 565
705 524
578 306
151 968
338 849
725 291
818 583
507 798
400 436
368 504
960 668
545 886
878 588
531 199
623 565
193 156
32 798
195 826
662 546
313 916
335 467
88 148
62 648
736 511
3 314
17 850
857 625
715 639
849 705
28 782
362 64
73 435
150 281
387 953
874 39
811 872
385 136
280 994
823 765
124 697
902 65
430 11
875 544
146 966
642 963
239 73
702 595
685 799
523 76
484 160
232 153
488 35
667 9
107 843
162 918
360 125
893 333
223 490
333 278
618 740
208 125
574 843
831 120
120 751
764 77
360 795
281 711
108 681
811 388
26 852
189 296
961 311
318 148
484 740
892 233
51 315
344 303
365 167
41 369
648 807
260 21
320 296
563 404
375 370
855 580
749 65
623 472
151 861
902 767
652 742
778 569
601 250
394 814
363 283
184 502
97 939
723 587
761 508
235 246
924 498
448 59
674 745
255 494
627 827
187 646
739 469
957 118
173 423
395 629
514 485
701 113
210 684
887 618
500 250
729 376
527 565
490 332
516 314
735 694
885 69
841 231
269 886
331 645
260 655
762 355
219 932
365 926
560 984
392 954
961 703
840 312
32 833
902 836
914 783
171 598
257 881
504 301
106 417
622 465
189 934
392 664
170 88
233 34
620 698
641 475
333 71
162 364
637 409
30 57
894 312
162 81
695 313
152 423
561 829
889 664
871 600
234 559
115 288
579 401
191 95
739 799
954 727
958 823
925 86
414 965
475 553
646 144
722 554
484 777
986 131
962 98
185 364
276 541
26 680
464 725
341 113
146 58
276 652
243 851
959 905
92 808
471 867
312 728
866 259
829 397
117 651
247 792
892 467
929 607
622 828
634 150
905 470
517 36
636 1000
941 168
623 722
536 726
667 124
855 654
47 406
685 216
531 477
491 232
559 43
173 284
653 18
650 243
822 907
625 603
348 774
296 889
132 35
219 791
568 965
435 850
275 805
681 362
865 5
224 139
222 906
79 7
462 181
906 672
671 835
175 528
220 127
232 533
619 419
604 277
740 357
847 179
704 419
372 209
194 753
304 17
766 33
572 746
349 707
524 325
195 201
140 638
237 574
358 382
941 364
68 1000
345 613
257 487
307 590
489 599
53 126
540 608
885 977
816 760
265 70
319 799
534 854
264 906
707 382
835 309
360 851
839 357
471 545
87 832
739 849
726 57
618 990
503 368
199 906
52 984
604 187
200 843
919 418
613 621
632 846
744 776
338 593
344 29
679 290
866 295
95 171
867 66
65 460
853 27
88 923
239 956
79 679
904 935
790 460
766 935
236 386
883 841
644 937
701 72
758 27
466 379
139 547
946 177
250 290
692 957
553 498
643 211
184 652
282 25
853 750
286 545
882 638
344 978
383 339
224 312
963 146
387 702
45 838
173 145
139 257
171 397
531 983
370 705
296 740
62 975
158 654
180 648
850 198
922 203
11 984
128 483
131 579
577 951
906 839
798 457
447 293
139 124
345 679
91 327
505 972
967 315
957 836
708 478
723 904
971 772
431 594
133 743
206 807
246 784
154 642
651 967
360 2
622 350
864 914
833 581
462 623
156 302
525 883
786 949
668 433
489 988
221 865
204 113
406 925
427 402
302 738
428 873
694 628
346 750
458 484
692 93
514 845
790 742
171 84
98 206
11 45
45 458
496 413
784 602
86 454
93 506
900 384
903 867
615 597
100 742
619 926
156 688
486 651
178 88
732 727
919 21
79 808
136 700
504 854
212 143
326 243
883 722
631 668
140 115
783 747
902 436
795 667
984 766
287 125
130 168
922 188
82 177
750 768
880 526
898 165
862 626
229 319
709 229
858 673
140 800
698 790
680 501
864 114
738 535
426 565
524 190
393 644
985 802
471 71
271 46
992 406
96 847
233 982
305 449
141 859
419 585
422 664
24 23
445 729
13 363
798 199
410 780
621 928
747 749
986 303
146 598
781 730
595 593
778 19
999 103
751 82
219 293
147 192
554 267
781 658
854 21
463 696
544 282
962 105
465 433
431 478
972 146
132 89
887 33
563 407
104 400
874 188
126 813
680 601
927 396
972 225
829 360
188 336
958 340
360 585
625 195
532 521
644 67
353 256
725 24
408 165
717 644
644 280
995 830
282 191
402 109
127 163
553 24
22 821
4 448
705 373
64 123
685 202
549 44
54 602
680 917
537 556
210 828
796 987
348 170
983 731
21 252
456 324
259 257
576 117
297 628
652 186
140 630
491 954
628 265
97 455
707 666
597 195
512 924
36 294
845 736
22 369
690 295
712 883
999 325
608 932
861 270
898 312
332 604
585 401
64 598
138 485
157 391
285 370
822 411
132 731
495 97
464 251
85 741
788 338
927 820
860 377
56 267
681 858
65 665
746 368
255 305
638 802
472 645
956 678
953 186
972 754
427 175
546 59
68 683
226 639
133 977
835 203
341 798
471 687
899 678
129 682
960 904
834 913
797 27
928 342
450 998
108 654
308 504
915 80
98 523
433 809
725 361
160 63
14 142
416 937
143 302
972 182
520 271
618 436
223 124
598 88
86 300
105 31
970 467
921 813
189 45
123 297
730 499
490 636
752 359
348 626
967 897
136 278
50 452
364 150
80 512
909 118
425 888
445 357
636 600
486 851
13 33
948 588
821 762
770 892
735 772
222 873
580 859
49 277
32 549
975 943
163 285
478 390
761 106
154 120
763 564
962 425
552 75
917 733
663 457
760 302
561 259
875 943
473 983
948 785
733 5
36 203
239 460
828 383
775 800
409 991
546 552
489 137
834 463
315 261
188 525
872 966
729 791
508 274
625 998
631 778
811 613
510 657
141 117
285 342
451 82
16 565
77 148
246 821
640 250
452 328
346 215
721 897
120 504
86 797
698 403
310 981
186 724
376 602
669 274
7 911
302 997
266 263
595 758
228 501
234 802
809 512
591 866
82 878
545 14
877 945
678 802
436 137
22 710
124 227
561 740
412 434
113 157
169 131
905 279
579 968
504 750
800 43
108 400
18 936
91 738
371 666
647 771
355 313
709 938
212 406
175 2
536 644
757 958
957 76
5 719
887 271
464 879
433 496
164 352
532 204
260 915
914 400
745 760
691 254
823 453
934 550
315 210
706 897
503 981
733 504
240 563
926 853
25 425
448 544
489 212
605 62
187 141
483 818
88 472
654 643
34 280
327 893
258 720
709 145
894 407
396 614
578 844
45 265
581 241
856 590
155 850
85 292
867 358
803 306
860 289
313 34
495 270
243 289
803 643
238 100
898 693
422 351
635 976
63 91
85 207
530 540
507 69
588 490
977 805
962 147
928 303
267 735
894 930
181 829
717 859
575 77
924 859
655 37
624 557
364 872
227 32
247 189
895 625
752 449
736 966
921 103
579 932
873 647
820 442
786 118
478 2
812 806
523 861
139 864
781 305
31 662
748 164
624 922
182 774
255 500
936 294
19 522
574 459
107 82
456 730
520 771
867 428
799 435
509 331
240 704
738 323
225 124
500 50
463 430
121 323
598 703
33 801
654 637
335 967
72 793
862 736
439 787
659 825
729 685
589 701
201 324
438 107
121 413
943 726
474 695
185 952
516 644
388 763
201 537
85 232
946 495
634 613
474 294
898 452
936 559
332 904
700 549
741 292
466 962
234 307
682 658
590 59
629 607
833 774
81 25
48 430
637 100
86 746
107 845
57 464
648 749
710 719
302 946
765 384
983 457
569 365
61 537
851 683
302 797
787 403
627 336
475 719
612 388
691 559
657 643
711 464
881 493
493 991
683 179
332 419
460 232
354 359
32 495
514 959
737 552
846 652
76 580
523 667
429 648
963 592
861 645
623 474
95 93
299 584
655 479
970 271
214 421
169 100
888 908
61 78
450 586
943 80
895 843
778 854
934 829
620 466
748 31
805 32
576 168
369 750
740 971
66 646
468 278
969 303
953 946
326 220
883 689
899 436
33 860
310 352
923 475
562 57
410 314
358 92
236 632
667 990
215 402
344 681
291 482
129 451
591 55
888 38
750 908
453 410
133 540
981 286
358 265
470 951
272 612
440 646
817 312
581 815
858 420
766 229
516 926
725 820
824 475
733 611
733 533
316 470
539 944
802 430
967 552
881 687
552 857
57 93
276 825
333 312
484 932
929 17
398 460
492 479
826 395
789 517
795 584
597 460
13 523
358 804
821 148
215 677
385 622
901 108
613 850
815 490
941 859
412 431
936 59
543 840
982 504
82 560
970 464
915 305
368 2
648 84
533 726
522 629
117 888
933 364
5 830
919 382
832 256
870 712
118 109
142 269
779 60
477 898
919 239
278 221
841 423
188 181
255 29
442 474
614 604
52 213
81 763
867 484
870 901
980 205
656 139
602 891
412 155
453 203
715 680
6 597
227 786
409 107
313 295
420 363
667 954
634 699
48 639
836 787
400 759
58 511
780 842
471 153
201 493
954 181
516 860
302 661
906 816
923 882
618 102
746 179
730 604
675 245
183 442
172 169
198 937
892 928
841 686
973 89
601 927
791 302
246 933
907 311
214 327
747 936
898 686
972 53
122 750
501 528
693 155
682 908
555 150
904 414
703 22
655 851
893 484
400 860
651 520
212 578
210 98
15 161
146 464
178 961
863 498
539 472
283 134
1000 660
132 988
697 660
617 389
209 786
639 552
883 986
791 855
467 195
352 641
608 982
225 359
862 491
793 736
245 491
597 774
339 106
822 917
37 479
274 899
44 493
351 755
64 467
743 173
268 229
240 959
516 387
940 714
188 972
571 373
718 452
907 151
547 252
950 235
663 690
311 767
337 168
580 380
931 896
439 899
456 840
581 854
766 210
522 260
228 805
785 994
556 285
399 166
241 438
593 153
831 355
781 906
284 742
858 271
904 976
149 508
228 27
356 208
104 9
450 493
267 577
713 657
811 959
367 944
9 453
198 710
951 793
61 726
833 357
562 797
708 547
695 807
887 95
834 73
726 804
268 615
695 852
97 531
994 259
243 812
504 523
123 355
235 877
606 396
971 49
645 304
460 570
812 807
173 559
410 757
909 379
909 407
553 401
610 194
792 779
790 449
445 315
838 434
553 34
737 717
351 561
227 767
999 837
502 423
365 661
667 215
406 57
689 947
700 21
538 168
946 133
905 863
671 884
908 106
68 479
783 794
453 131
664 766
365 951
810 704
641 722
898 163
793 911
131 528
171 623
667 610
577 700
638 219
215 382
368 689
647 173
724 992
330 42
291 295
315 701
686 412
694 123
629 606
906 91
507 463
767 736
781 957
829 817
431 533
47 613
967 980
807 111
593 423
668 407
315 889
925 480
428 696
507 209
811 505
190 966
384 769
88 648
414 654
164 741
882 782
869 532
138 756
650 390
18 94
592 135
866 378
4 29
652 737
672 47
195 906
643 510
662 590
256 774
874 672
321 800
970 898
622 662
951 548
255 491
964 388
312 541
577 23
481 442
749 753
877 444
625 291
199 720
239 871
477 46
387 474
705 331
46 189
202 455
611 865
426 979
905 746
67 991
75 513
748 318
616 790
809 326
254 443
340 696
692 661
550 607
685 188
192 511
432 430
694 394
129 450
850 140
462 126
339 497
837 402
675 75
954 158
771 572
354 994
758 700
86 533
350 933
367 52
394 216
231 613
828 921
812 502
941 662
390 666
2 805
882 366
948 775
548 671
186 696
759 645
560 325
869 453
579 884
454 533
743 913
319 885
602 115
379 54
406 603
776 560
895 608
123 461
658 336
364 945
126 847
772 111
339 642
196 793
982 360
2 462
40 805
592 498
568 786
616 504
861 906
754 602
331 503
630 201
334 570
766 537
343 824
487 735
546 592
396 56
491 890
572 161
524 828
905 774
637 901
529 146
898 73
292 200
795 733
999 115
15 808
54 838
92 397
920 416
55 406
337 306
689 165
875 830
71 813
576 369
615 176
78 45
509 965
702 780
573 668
595 188
667 731
194 639
820 735
839 385
993 521
112 222
600 661
485 189
894 347
676 746
751 182
682 619
241 393
369 348
373 264
689 353
238 78
419 656
441 936
189 538
775 375
389 456
156 453
106 657
824 359
787 349
441 793
710 555
659 151
237 127
373 591
692 469
549 588
865 815
728 481
458 18
714 540
60 510
61 915
333 910
943 309
143 701
554 244
868 404
820 343
14 394
501 144
679 428
717 761
477 884
265 912
131 658
734 388
536 324
477 997
5 606
311 436
980 12
97 178
66 719
336 474
957 669
540 491
45 835
249 856
340 641
343 546
35 245
544 201
898 45
928 766
941 137
84 654
654 534
91 499
490 165
148 419
996 751
387 577
274 733
272 399
435 845
662 156
385 160
369 729
229 361
785 711
769 218
718 881
44 50
766 211
599 785
533 387
812 446
781 905
46 770
752 775
975 168
308 237
879 118
29 85
517 457
812 381
878 186
751 936
632 544
7 514
323 441
967 896
971 325
38 156
160 10
490 769
626 405
554 438
863 320
886 497
132 96
703 235
669 903
374 183
377 657
449 236
855 956
363 418
623 448
576 561
408 931
907 879
910 2
531 203
813 845
26 385
636 956
412 694
35 597
770 512
386 793
80 750
65 350
911 525
491 36
810 400
61 266
585 170
830 749
268 420
235 27
645 610
261 957
334 669
671 742
839 940
844 966
991 625
88 504
211 451
528 399
838 236
590 637
610 263
974 988
96 664
176 809
714 313
685 232
48 243
106 73
719 953
354 991
387 970
79 899
641 499
76 560
360 797
816 71
978 570
91 469
2 574
918 624
150 750
176 373
379 350
342 326
129 929
132 512
587 741
309 168
594 884
55 596
721 88
226 598
946 895
983 440
933 579
328 622
627 338
658 274
125 513
255 598
243 714
928 188
587 337
915 422
95 974
373 680
778 750
494 552
633 604
5 355
423 724
838 765
485 875
643 481
169 106
579 531
289 573
639 483
804 692
240 945
464 169
667 404
1000 375
688 905
29 275
567 759
736 130
435 344
330 142
739 294
406 107
264 210
571 609
662 792
95 43
25 325
638 395
448 649
948 649
168 347
425 588
562 940
174 209
140 993
801 953
269 707
733 62
153 90
654 718
966 684
14 809
399 549
738 583
187 183
941 98
194 745
448 665
875 738
824 784
241 642
186 5
851 269
910 834
158 999
219 247
88 960
923 793
802 202
505 826
370 200
336 440
190 423
335 698
176 273
855 435
693 276
881 732
840 234
247 291
86 871
256 264
26 914
868 957
812 155
657 732
485 459
125 948
935 217
994 631
356 376
360 891
64 915
354 265
153 623
892 265
431 511
714 761
696 100
920 620
99 39
467 459
592 642
244 43
565 270
591 290
499 858
778 985
84 320
588 772
697 751
131 241
26 505
946 310
409 614
829 107
278 211
114 959
83 377
688 949
670 869
359 476
487 235
588 726
809 135
735 914
762 161
145 767
37 313
19 802
821 607
480 138
117 203
67 954
697 346
112 143
594 953
865 455
785 440
89 987
607 633
63 543
83 181
121 490
28 882
53 800
654 140
850 113
619 308
547 83
606 562
417 9
633 496
182 669
746 177
695 232
24 35
940 17
708 117
985 904
677 962
168 770
799 571
580 79
963 65
565 829
471 366
760 715
284 307
420 247
682 906
42 493
939 105
928 262
857 480
755 449
994 539
427 426
801 249
967 812
949 289
476 841
502 585
792 484
608 633
778 667
545 252
271 378
25 522
863 613
446 756
798 617
568 58
643 424
551 275
165 84
525 23
173 713
818 702
551 214
433 612
911 699
431 738
294 651
478 180
740 687
134 992
691 37
966 153
398 917
365 542
675 633
931 707
363 5
219 332
990 162
352 370
302 96
783 659
309 844
737 897
334 305
406 130
300 897
379 920
984 742
602 861
738 301
834 931
965 2
380 550
988 165
720 843
37 575
242 515
131 566
813 462
561 445
766 502
417 389
418 950
989 269
154 148
693 569
966 519
224 134
357 907
243 4
626 639
76 412
265 288
674 457
685 839
155 964
543 313
214 353
254 614
437 398
938 357
772 346
945 619
181 905
237 160
275 76
186 625
746 848
640 406
659 178
717 856
954 634
994 575
464 258
941 784
968 298
194 439
144 640
199 170
934 475
518 282
269 312
967 161
476 732
682 19
985 393
812 914
441 430
754 385
538 68
244 492
386 505
440 201
182 773
239 988
661 964
664 584
265 947
870 609
562 302
356 987
395 989
842 14
790 294
439 396
757 177
650 861
577 299
64 386
411 407
895 7
382 174
473 722
202 304
790 145
991 624
336 770
796 610
926 561
110 522
885 497
589 809
954 244
153 125
211 435
15 867
441 442
131 530
599 609
528 174
474 690
111 827
404 153
741 720
529 95
524 186
945 971
305 372
971 855
788 263
607 855
132 739
24 492
479 564
600 735
604 255
801 485
150 751
299 227
281 620
603 433
452 387
882 328
673 803
360 98
217 671
109 345
927 166
868 922
711 117
303 457
893 313
548 756
18 299
368 684
304 769
498 803
336 138
542 494
513 465
363 611
494 463
223 247
708 513
15 583
553 576
290 934
197 608
520 279
422 171
445 10
393 439
252 756
326 279
254 72
130 546
810 192
978 862
333 853
105 782
955 348
311 534
350 504
796 130
725 36
980 732
899 155
226 253
1 721
933 504
860 708
484 156
499 524
538 649
581 438
102 569
680 40
495 937
816 472
745 582
253 871
715 542
810 806
957 565
669 959
905 571
140 881
803 179
490 250
295 471
940 776
300 111
546 627
837 400
812 466
716 807
202 92
741 756
500 678
673 636
546 482
489 435
239 251
388 617
372 408
984 794
713 508
229 130
565 728
452 487
95 617
721 42
598 470
302 973
970 60
752 832
787 323
290 377
111 275
20 449
518 448
12 756
100 151
795 24
497 389
64 431
911 368
506 445
331 58
656 65
854 202
904 329
506 44
108 424
109 726
626 301
75 49
296 290
23 305
740 293
578 136
249 262
946 420
784 535
692 128
360 681
364 81
459 815
614 881
947 114
739 500
9 637
502 370
771 49
165 866
663 231
97 148
375 157
249 977
182 468
589 911
861 170
480 139
957 375
54 725
499 262
779 712
173 57
410 285
200 627
45 127
317 762
33 607
197 836
18 365
616 59
875 705
722 52
44 72
372 333
868 749
81 213
618 500
507 351
676 532
368 903
918 569
209 169
103 995
375 860
713 617
552 937
125 551
674 110
441 693
564 452
565 941
314 932
129 537
886 763
599 194
158 412
768 368
96 835
527 406
622 16
695 732
240 318
761 748
447 825
363 440
146 94
270 80
646 506
564 56
252 572
787 795
825 460
957 215
316 193
985 888
202 168
644 7
147 553
97 982
114 908
795 149
178 177
714 847
680 819
511 55
719 498
376 266
784 986
924 213
434 918
813 666
117 61
357 750
435 512
701 805
61 454
157 775
908 65
574 123
664 741
865 36
558 1
941 135
524 945
227 819
714 259
681 730
561 444
301 249
127 699
257 115
367 392
576 351
10 285
861 370
185 785
257 492
168 705
305 472
200 242
427 973
777 682
727 222
609 104
488 252
146 623
103 417
220 358
872 339
734 889
937 665
707 35
910 346
199 391
555 247
298 446
388 214
798 793
158 504
161 436
768 348
437 687
212 408
53 383
972 107
118 287
820 23
87 528
901 521
810 237
648 128
667 364
887 457
356 535
537 807
62 449
549 977
52 735
273 222
37 13
248 386
684 847
245 91
282 215
819 484
418 535
558 835
780 599
856 159
675 741
362 168
897 675
515 12
934 582
776 608
390 736
359 197
415 55
793 995
249 184
318 774
300 245
881 530
799 221
413 562
308 538
698 928
383 592
546 620
984 993
968 422
399 624
607 705
567 276
85 859
176 269
896 306
219 237
555 535
519 496
609 518
146 960
988 863
37 901
172 876
466 593
61 340
957 494
876 900
591 403
461 330
418 415
589 988
821 11
604 909
240 408
682 835
609 993
919 658
367 977
512 97
725 751
160 185
973 465
332 479
631 277
337 631
502 939
513 532
627 626
666 878
632 796
778 592
563 410
621 112
950 882
240 213
630 454
543 705
669 794
481 784
639 540
948 343
218 564
936 375
942 886
187 559
208 514
248 559
943 92
89 257
52 691
571 645
678 219
536 704
41 166
615 628
796 818
776 421
40 106
991 689
903 723
482 963
357 725
411 453
340 485
244 889
335 34
871 428
124 791
953 807
755 608
149 810
602 786
452 925
969 13
951 485
737 57
19 998
594 866
465 286
603 976
638 458
54 1000
435 790
847 165
775 840
484 413
324 102
841 852
4 817
845 900
239 149
807 601
998 226
871 880
160 682
92 506
113 590
20 910
812 98
579 377
807 345
245 774
907 271
341 967
358 623
846 816
918 653
996 229
356 4
836 270
610 276
551 805
604 538
955 648
445 986
212 955
543 641
363 689
218 212
479 239
636 34
319 886
35 979
75 466
796 338
854 88
344 273
606 759
790 816
338 787
264 242
504 727
47 201
963 560
30 921
400 498
644 157
4 252
866 576
853 1
502 81
892 489
962 432
572 495
221 759
437 563
41 378
386 991
204 634
652 486
502 371
14 719
847 325
614 592
580 832
192 129
598 537
231 224
879 852
491 895
697 824
538 380
903 580
980 501
62 842
945 342
951 344
148 539
187 503
614 434
715 573
699 400
191 515
409 930
174 354
965 189
237 358
745 323
11 3
236 894
457 639
186 39
560 216
928 860
530 896
769 108
515 399
185 869
883 122
796 109
936 600
472 759
626 936
163 954
799 862
945 764
285 115
877 761
773 462
702 508
711 130
750 488
756 422
858 73
660 839
204 75
43 975
887 198
156 230
564 283
322 154
431 300
170 454
946 615
29 257
910 442
45 455
240 142
592 179
804 1000
127 435
471 797
919 297
499 824
668 111
102 789
201 646
952 970
948 446
365 540
193 340
3 791
567 569
986 664
406 474
899 99
957 228
701 947
593 842
151 470
814 146
780 294
595 289
813 298
313 840
656 235
785 265
642 434
37 428
173 28
83 350
909 872
270 974
287 20
549 449
642 37
382 402
310 479
42 873
92 571
976 630
611 745
689 87
858 582
529 558
607 893
497 550
977 348
996 456
387 864
944 99
608 208
117 408
2 601
347 207
43 367
775 182
543 426
671 353
270 522
419 544
204 314
987 69
647 504
212 797
215 209
177 630
57 40
103 751
595 552
720 312
765 360
179 150
897 462
850 550
65 870
392 146
268 829
199 279
631 304
43 811
686 947
545 291
518 280
556 619
902 635
631 489
356 385
854 128
347 718
166 134
601 231
543 780
602 328
878 757
492 80
494 642
614 943
374 744
247 990
969 724
752 164
164 306
443 749
505 20
30 759
397 180
625 315
992 514
535 370
154 411
709 683
73 201
606 61
843 477
775 560
832 106
316 443
379 969
16 39
680 78
738 348
390 737
296 710
14 293
239 577
295 557
131 532
813 48
984 994
690 652
603 661
50 559
16 995
983 230
364 71
135 379
696 527
343 244
950 388
419 732
446 404
320 867
119 365
690 833
582 819
181 122
721 93
26 957
446 118
413 407
343 642
706 792
973 383
29 167
649 20
203 77
701 454
399 408
497 360
78 831
588 194
861 640
381 982
664 616
62 275
709 988
840 901
855 562
117 384
420 809
772 6
401 639
50 474
151 988
89 256
882 639
919 198
425 774
192 55
503 709
587 158
53 790
610 85
404 660
121 409
328 56
1000 797
258 81
461 630
297 493
282 91
493 824
219 524
457 151
369 874
749 928
535 229
480 463
372 289
763 780
953 512
607 663
556 427
115 237
921 34
980 544
465 430
447 746
909 513
962 737
285 332
837 303
840 29
883 97
560 140
890 911
375 965
357 74
251 731
943 699
381 899
111 63
992 295
168 809
6 57
614 213
659 417
833 662
467 912
655 981
425 388
320 766
52 173
330 523
368 714
630 662
192 568
707 395
998 702
892 149
216 430
455 113
578 202
262 531
17 348
57 947
282 584
856 365
138 660
360 540
252 538
867 47
613 575
874 881
925 659
892 490
488 658
36 686
500 435
249 245
784 664
69 418
896 994
640 924
39 954
744 576
212 94
106 953
992 970
495 745
403 855
316 396
691 232
430 124
896 768
128 698
970 913
628 597
823 364
606 900
936 144
119 417
620 864
292 859
442 168
379 735
698 857
875 248
591 135
79 467
82 405
559 997
599 664
910 861
272 581
917 155
99 938
996 420
318 648
485 185
977 99
442 911
289 37
402 671
55 763
976 824
872 377
724 762
266 446
929 214
293 583
557 422
25 557
138 884
547 656
416 382
282 324
399 111
985 829
760 573
246 600
941 920
358 874
930 363
719 358
863 731
649 465
578 345
800 835
691 154
78 384
730 790
192 691
154 42
229 632
986 805
324 844
179 942
385 960
528 844
263 995
640 602
550 253
682 461
831 233
244 766
355 319
305 598
216 87
821 518
937 25
109 278
892 637
456 597
662 741
23 53
541 568
486 881
253 602
568 650
58 600
679 654
39 815
600 27
981 418
378 713
896 748
126 299
897 581
625 632
336 190
980 238
139 262
747 45
664 743
983 526
125 354
309 619
991 831
280 799
907 138
266 798
504 509
676 965
157 472
849 264
906 977
123 791
673 570
674 341
175 896
626 634
534 713
418 755
417 85
111 119
560 35
65 603
962 459
324 748
147 173
4 738
902 207
319 668
546 125
471 764
932 882
385 657
137 80
638 45
920 175
393 271
329 649
695 802
863 339
625 79
682 30
990 158
792 626
834 245
339 721
726 975
428 902
415 620
736 843
610 876
312 663
924 486
451 920
108 1
19 528
62 598
815 124
31 557
452 630
490 705
314 627
900 286
79 817
904 729
11 561
448 245
361 564
970 70
805 342
316 436
10 763
173 349
600 247
448 868
505 373
344 949
182 469
24 563
79 87
727 715
788 957
491 983
799 223
672 842
823 197
2 873
41 661
316 307
447 753
802 960
523 721
966 727
475 232
560 786
642 808
510 418
383 944
646 864
189 779
6 195
441 343
418 187
349 913
155 820
444 907
447 36
414 823
370 51
941 574
247 347
744 139
925 74
988 934
821 9
311 943
954 682
298 54
940 393
377 599
104 249
285 860
312 998
441 710
652 952
714 705
915 426
312 853
192 763
711 61
835 387
195 992
856 422
13 852
184 510
259 492
153 625
174 793
692 862
288 428
967 420
917 895
455 720
97 796
667 104
279 102
687 101
299 876
250 242
641 885
571 756
239 866
184 732
297 323
505 416
624 154
589 1000
572 154
277 498
512 885
395 843
729 230
571 466
741 910
478 572
337 440
837 123
748 330
382 88
112 556
352 27
850 246
867 684
580 403
28 874
413 532
862 593
573 514
280 855
153 463
45 169
496 335
42 945
918 822
393 681
86 558
909 657
949 996
822 402
989 483
718 35
688 82
451 12
859 7
2 542
242 955
78 301
428 484
545 564
103 682
965 835
722 256
831 166
599 74
565 854
547 759
180 500
769 337
333 306
9 196
543 643
468 559
122 290
379 92
198 752
882 77
722 546
462 985
781 687
322 180
346 830
920 705
373 743
501 466
318 184
950 264
47 268
751 706
518 737
830 215
27 262
908 645
839 415
868 509
430 304
668 633
880 419
572 489
293 216
477 875
938 783
80 539
64 176
66 962
286 787
715 499
871 436
212 95
292 23
853 722
800 450
515 57
793 703
22 91
547 488
141 327
128 554
993 64
617 620
395 196
7 515
136 808
145 653
324 53
107 719
92 57
324 597
149 46
496 838
685 44
903 245
295 788
305 288
180 916
332 637
459 147
292 570
975 743
450 494
909 693
510 66
883 124
186 404
928 717
159 443
510 581
624 334
665 290
226 663
508 126
626 825
402 815
360 876
388 878
74 887
642 677
132 363
211 419
775 387
753 235
213 256
621 643
802 319
164 836
555 29
422 20
26 869
389 213
941 808
126 946
473 28
826 536
833 268
352 38
924 253
930 586
472 730
114 681
796 39
598 127
297 104
481 283
597 189
411 240
697 527
863 158
440 932
683 556
580 896
338 535
948 228
456 598
364 199
169 311
335 454
442 126
266 731
504 834
47 434
71 456
535 473
663 4
455 500
563 912
179 923
491 861
623 988
277 298
120 897
527 666
110 796
770 125
883 540
327 137
153 101
11 835
763 838
893 651
430 891
523 680
699 446
775 893
137 953
210 33
589 611
440 614
352 178
607 829
965 288
992 386
63 797
916 139
475 941
977 682
746 288
397 810
343 210
977 124
86 816
431 863
768 49
993 861
351 100
20 166
95 674
759 731
445 943
428 579
986 117
255 808
57 159
226 574
315 851
907 567
342 136
90 465
626 63
555 121
593 462
955 803
207 826
977 943
907 900
270 68
679 152
886 996
854 134
368 497
294 969
66 21
795 852
557 845
744 876
946 408
674 619
92 1000
971 55
735 22
141 807
501 172
339 833
729 73
588 830
143 525
4 325
649 904
979 401
744 522
302 166
469 447
193 437
377 208
352 274
903 633
433 247
732 973
788 975
918 94
575 893
83 19
926 565
99 532
417 603
517 534
757 479
171 980
905 978
965 226
894 216
514 90
111 726
439 223
614 203
582 373
175 833
236 817
954 132
132 856
492 862
133 545
79 485
120 234
817 132
102 910
792 16
382 366
664 785
132 751
280 26
462 262
245 958
105 11
99 606
471 460
501 953
392 451
854 631
507 280
146 590
55 546
104 988
512 99
21 751
795 756
778 490
502 652
708 879
52 203
844 159
858 15
626 35
766 629
973 462
995 362
742 661
75 947
52 309
144 736
532 307
806 182
900 191
95 53
754 334
596 247
310 613
106 673
985 162
990 973
682 386
739 79
79 758
579 534
908 960
250 128
757 895
689 759
754 810
840 869
719 439
576 175
577 410
151 427
634 93
598 496
387 697
810 512
776 432
137 478
664 689
704 178
44 435
616 862
50 796
267 351
418 792
934 752
704 289
387 527
802 318
112 700
370 400
611 722
760 248
112 810
689 12
68 223
1 2
185 989
522 484
558 286
229 428
930 388
521 676
974 78
298 727
355 538
750 753
183 476
721 925
573 852
7 273
81 126
232 254
638 810
159 599
806 534
399 228
38 620
823 541
556 888
316 757
716 374
989 934
973 353
801 208
825 218
20 444
830 69
13 917
549 547
623 406
649 149
522 500
251 359
456 861
792 683
406 703
943 396
340 183
583 917
964 937
148 994
735 110
538 74
658 255
685 255
182 705
747 349
352 764
966 351
781 195
472 261
623 842
386 77
39 773
795 427
509 411
787 703
525 79
712 554
213 739
141 326
269 657
93 77
757 486
6 588
605 210
10 402
447 699
514 822
23 425
110 611
935 598
516 692
233 116
375 307
234 199
239 170
21 99
816 181
673 540
671 249
34 238
472 82
681 813
977 390
625 60
548 475
556 62
78 270
336 409
380 50
287 518
237 855
110 159
767 898
881 332
880 750
937 562
204 503
337 658
450 83
712 418
930 361
91 943
722 519
65 776
336 630
52 50
261 387
626 107
899 539
706 51
526 862
718 39
658 430
877 58
1000 525
104 464
123 348
360 634
833 45
62 297
1000 554
437 781
17 88
145 764
117 487
887 263
167 210
909 417
749 290
433 866
75 831
374 281
520 128
478 328
300 600
981 319
292 52
442 505
705 309
853 757
400 925
349 86
178 175
600 140
983 667
395 146
892 972
898 39
774 658
920 138
871 70
231 999
827 228
665 193
375 760
232 634
594 184
375 617
732 86
931 147
897 7
534 348
578 836
724 570
742 781
110 345
862 840
742 162
693 294
768 899
474 108
773 414
370 13
321 503
287 352
432 936
630 818
901 378
747 806
39 474
498 824
228 401
274 621
907 566
359 889
655 188
927 699
494 308
941 779
319 651
378 341
265 851
677 549
130 936
919 616
226 769
549 763
224 357
477 688
739 197
49 905
856 295
817 999
285 521
454 128
165 115
611 31
204 991
27 126
598 267
876 312
917 857
184 595
921 670
45 622
247 584
729 249
896 940
469 446
828 251
97 871
16 395
328 397
201 897
421 652
64 391
945 258
605 376
558 182
563 796
892 976
254 489
326 906
771 811
644 571
663 265
847 92
867 690
427 609
173 125
432 441
788 558
188 606
634 762
157 521
283 882
802 990
89 819
992 48
276 489
686 308
339 133
581 930
431 847
693 536
231 745
297 595
384 431
718 197
210 292
817 276
944 658
986 254
310 843
628 242
298 643
686 534
350 695
168 991
760 665
464 54
693 171
18 405
574 742
405 655
462 592
323 266
307 913
517 782
574 881
886 551
280 471
375 38
69 887
534 817
848 234
544 275
321 110
472 238
327 80
293 448
331 21
759 77
359 579
929 728
326 264
899 992
648 160
98 235
645 957
47 166
255 259
274 382
153 631
354 48
193 374
622 665
861 959
882 634
494 780
923 4
303 878
825 328
182 661
75 967
403 828
614 680
45 739
493 842
654 263
330 283
496 751
856 186
338 254
504 290
32 641
793 408
418 678
666 448
482 545
272 303
491 949
135 148
329 563
694 397
780 134
789 375
595 56
923 753
965 342
54 927
718 182
77 278
295 436
371 9
686 336
608 44
367 476
383 807
793 319
889 678
907 259
30 163
180 327
785 931
629 684
777 787
464 18
925 187
980 954
135 426
16 989
609 912
3 642
324 949
588 298
539 726
830 507
898 471
711 93
7 576
144 702
865 772
78 751
145 68
191 691
263 875
431 389
344 277
216 955
824 31
878 342
492 245
617 991
647 651
236 1
844 320
111 6
930 889
364 221
790 385
154 431
47 408
586 362
344 849
291 842
793 524
773 622
304 463
925 803
982 956
73 134
443 757
827 874
865 19
594 947
906 631
687 462
766 333
823 158
689 331
242 537
244 127
189 686
936 945
480 349
133 323
637 337
249 528
997 87
451 204
327 801
64 861
183 285
132 785
794 674
236 452
391 816
67 46
16 558
572 595
464 208
176 164
68 978
141 922
91 19
609 722
684 4
834 697
462 750
265 146
194 792
105 339
450 654
232 106
379 141
56 216
170 160
133 60
760 576
684 167
143 119
863 708
389 211
119 116
48 987
668 325
27 375
778 645
925 338
51 381
170 924
743 656
101 648
265 703
431 14
144 952
939 555
890 183
344 15
622 742
34 124
933 89
368 181
299 640
669 591
230 670
987 817
988 494
364 336
40 38
60 57
120 788
320 705
446 826
605 323
97 36
81 735
465 696
281 37
211 44
257 852
790 126
738 295
576 438
595 402
137 814
852 291
12 154
343 680
241 866
232 635
270 893
788 762
680 259
312 702
158 918
539 979
732 47
183 353
977 336
371 961
232 281
175 909
414 79
56 551
778 146
651 96
319 246
655 616
587 878
380 992
474 109
683 275
211 838
294 26
74 774
510 758
61 524
831 248
177 626
526 622
855 230
307 948
27 603
14 866
540 606
333 760
358 789
365 39
609 88
612 120
722 744
687 526
437 755
138 585
52 23
385 944
80 296
273 801
749 82
307 195
18 114
130 600
772 206
977 591
894 242
37 67
398 857
790 623
888 889
672 394
946 361
363 185
639 718
511 65
772 189
792 787
545 621
840 843
434 951
687 160
882 853
344 952
823 288
182 424
406 160
763 759
434 665
145 586
760 367
499 453
851 24
430 917
515 273
629 147
442 111
244 439
799 105
92 227
111 833
524 176
214 586
840 229
56 596
95 934
96 341
776 929
634 989
393 771
384 106
894 267
955 389
221 594
427 44
516 838
125 839
461 325
247 775
449 645
164 252
212 940
472 977
569 485
56 144
369 127
42 431
951 901
670 293
213 454
640 328
470 479
53 301
825 188
437 654
699 727
494 465
155 373
800 910
125 651
717 967
798 536
360 548
821 857
643 601
420 966
57 516
666 922
114 751
819 184
537 879
725 46
448 54
250 142
86 504
1 698
900 366
574 285
596 317
899 160
433 311
531 458
240 775
645 574
779 964
715 310
883 696
297 465
541 878
448 835
73 122
834 407
19 892
108 187
741 907
814 57
248 240
583 388
567 771
913 664
534 72
365 915
102 78
126 64
951 17
845 558
331 412
686 230
580 301
939 144
876 688
258 657
689 514
840 1
479 534
7 255
928 676
603 354
977 111
336 447
561 810
917 978
696 716
929 206
103 679
716 658
719 553
668 557
280 278
268 231
488 409
397 961
694 889
329 923
631 470
595 740
563 931
134 435
281 797
928 352
105 545
142 990
345 210
815 509
583 881
288 126
161 736
90 262
102 424
994 336
540 932
62 160
321 567
146 135
830 554
459 852
633 513
504 587
467 321
729 22
435 159
457 379
402 428
762 982
464 893
531 377
736 741
572 347
700 256
629 358
261 42
630 193
62 621
815 663
899 392
213 911
149 745
844 551
41 790
867 414
948 709
733 377
383 416
809 281
667 151
743 128
462 550
692 706
185 684
545 426
791 270
878 109
814 85
687 457
987 611
736 289
766 274
991 967
337 298
300 186
107 704
89 845
36 332
594 210
405 145
244 495
708 350
379 576
250 824
692 276
73 705
954 186
295 326
261 434
655 742
34 236
966 941
38 684
332 969
523 48
339 161
357 106
640 244
894 323
773 440
977 21
834 694
63 216
841 550
772 608
167 110
685 749
797 467
323 308
604 963
947 667
65 925
228 511
489 215
947 619
142 779
255 902
200 664
682 772
845 376
761 773
246 719
63 271
781 720
673 463
804 823
566 434
609 38
702 82
227 14
661 613
894 878
695 843
367 746
248 654
249 443
618 852
402 257
888 862
703 477
946 322
320 509
1 881
607 113
574 330
44 817
61 141
248 620
602 659
88 841
537 976
754 842
904 801
174 967
399 934
127 109
257 905
844 587
645 630
39 811
465 558
145 732
224 307
611 929
304 379
158 618
412 878
487 490
142 15
610 706
793 777
996 768
83 233
511 943
469 988
36 273
366 632
845 926
689 249
569 931
953 572
424 272
119 753
745 290
223 695
760 929
614 12
721 842
205 121
134 63
906 940
342 306
15 712
788 72
661 198
318 315
842 746
358 552
61 523
525 872
582 859
678 590
308 100
73 825
207 918
310 218
319 804
489 969
165 398
717 849
77 754
354 345
485 669
255 523
221 999
406 539
152 934
528 797
835 427
947 869
290 780
847 964
813 820
43 716
108 494
57 326
133 467
890 200
93 463
634 213
355 428
1000 919
654 190
452 626
734 104
926 798
286 761
779 187
37 361
425 719
979 240
339 17
140 102
404 979
352 388
311 489
102 208
249 892
68 448
840 441
503 947
913 27
698 571
736 378
542 744
546 759
943 619
983 558
620 932
822 360
804 163
456 49
167 541
404 817
978 106
46 362
33 537
629 377
54 945
577 872
337 131
819 983
732 12
73 665
439 83
371 988
178 965
720 475
629 549
722 137
906 64
67 68
363 941
732 338
346 149
940 359
104 991
962 303
142 673
659 462
110 85
665 648
830 370
195 104
959 680
34 873
664 464
60 745
649 412
392 179
963 828
821 134
613 804
835 502
998 870
587 329
420 624
383 413
762 721
59 315
274 493
574 32
208 617
942 580
598 186
434 231
511 919
863 66
518 539
596 463
528 551
446 518
50 471
748 130
717 697
460 678
32 933
281 662
236 317
478 262
705 322
410 110
763 436
486 829
89 549
643 20
936 42
891 259
983 748
254 440
700 846
44 430
118 731
472 947
589 710
511 440
386 313
704 292
390 337
842 414
55 138
681 532
332 704
457 143
432 54
555 728
148 210
497 528
925 507
410 597
604 43
62 207
510 450
348 489
704 625
997 980
543 472
656 756
290 430
384 983
438 286
665 330
608 268
627 24
354 588
800 606
600 928
454 755
91 215
293 575
207 985
219 901
856 933
748 659
930 320
612 418
137 108
856 596
986 219
694 664
330 647
863 371
864 691
294 42
320 401
284 116
843 975
860 807
627 596
369 836
943 246
667 435
804 835
764 331
485 806
624 766
587 450
968 424
614 921
209 812
86 426
715 102
753 943
93 390
313 766
916 593
73 675
636 606
52 669
201 893
645 384
23 44
654 374
718 135
165 875
530 338
135 583
541 704
445 7
221 4
22 95
758 213
80 972
124 817
819 339
552 54
239 608
298 309
24 623
275 555
410 356
434 606
823 152
873 273
24 670
957 594
524 27
983 982
604 489
533 803
723 425
7 968
831 514
449 768
746 22
488 826
237 673
770 294
827 443
580 145
902 345
450 490
536 279
901 609
816 7
689 271
928 705
855 510
90 820
767 722
928 560
379 288
507 453
489 690
609 577
439 708
778 478
771 639
950 752
925 14
752 754
713 844
75 359
275 169
333 675
190 52
482 194
764 393
892 182
341 168
434 506
536 834
829 466
861 619
445 218
502 917
892 293
934 6
369 864
725 387
653 614
854 233
291 701
734 339
916 900
496 109
374 66
765 883
783 340
435 250
623 661
899 843
801 625
799 674
306 117
514 526
930 923
454 69
149 537
41 224
766 546
446 590
92 725
610 22
830 563
845 242
600 224
943 880
47 303
240 735
672 493
559 320
72 1000
326 941
274 776
685 362
922 172
358 18
993 268
54 827
355 452
556 473
370 580
847 234
867 744
505 559
785 557
219 873
664 906
917 472
667 513
998 221
836 136
672 889
73 764
619 718
183 355
132 759
298 829
534 706
958 526
81 42
686 505
274 546
600 890
983 73
661 197
578 613
