986 1815
254 213
425 732
401 16
666 556
635 731
799 776
710 619
106 981
312 975
445 141
204 244
556 583
853 225
571 912
474 229
57 59
647 79
5 204
353 955
48 476
694 103
625 759
935 331
187 60
101 963
101 414
622 389
930 959
493 890
919 610
209 579
945 121
903 192
983 445
659 676
49 528
893 570
177 836
110 369
827 737
681 686
520 620
104 842
696 526
325 335
719 769
835 69
177 456
112 350
576 536
192 785
580 346
927 183
346 368
440 42
305 615
931 970
14 946
19 110
131 63
207 797
905 113
245 752
97 313
445 606
390 508
673 827
952 163
770 374
402 883
266 137
160 502
642 828
590 549
496 579
170 780
482 225
349 5
428 216
259 123
980 825
162 287
311 840
180 484
808 852
932 717
94 561
419 809
85 743
451 5
328 131
580 964
610 8
370 968
64 119
9 775
764 319
287 295
272 4
512 842
17 570
93 720
742 231
154 596
31 270
575 408
708 162
859 765
896 60
364 258
855 617
770 449
242 159
314 893
518 646
281 108
689 863
172 517
428 338
528 475
748 241
342 264
263 543
960 481
154 789
670 864
642 254
469 588
364 963
321 912
952 505
129 243
103 585
767 348
489 896
661 576
258 351
333 527
804 313
14 768
770 889
534 636
876 745
59 937
333 341
636 708
540 616
745 235
203 755
757 942
319 169
696 592
169 688
132 588
320 280
176 573
528 247
432 609
713 752
76 7
962 906
542 316
265 464
681 19
757 403
227 729
548 83
696 710
933 882
22 691
18 481
115 521
82 399
525 527
603 134
839 612
43 376
325 804
274 25
238 798
705 142
159 898
643 541
938 374
63 924
941 513
618 670
326 801
740 141
85 336
677 247
889 164
235 931
855 103
180 301
255 61
205 355
756 82
386 197
61 623
688 876
113 491
42 531
317 225
89 143
94 839
956 453
479 70
908 718
448 596
414 866
127 464
809 791
8 50
887 506
670 179
765 922
933 675
143 652
595 331
863 888
807 618
846 78
923 41
500 81
430 892
237 941
386 584
955 921
691 824
557 336
843 920
921 28
110 498
536 186
223 268
262 119
916 144
55 676
554 712
816 36
363 963
953 141
934 473
919 928
888 1
84 921
602 473
953 254
510 288
389 18
835 565
819 962
804 576
843 437
974 937
297 537
873 960
620 801
78 699
16 377
438 544
59 445
541 210
281 529
697 775
775 560
463 969
927 543
90 50
733 422
951 222
539 302
243 903
942 665
433 447
432 641
628 838
899 381
665 354
738 888
79 197
724 782
736 212
489 671
1 32
419 676
538 268
885 115
462 401
337 851
35 759
219 569
608 13
930 836
610 285
756 740
150 184
464 164
300 314
835 266
986 297
122 691
894 44
212 890
818 762
655 683
56 123
140 893
803 730
971 684
20 208
818 610
914 935
617 133
467 874
655 474
960 211
851 889
650 483
797 187
507 276
215 522
493 868
153 908
794 898
246 420
31 482
733 196
719 913
162 565
147 760
27 491
89 265
914 298
257 323
359 3
736 587
384 261
315 511
430 540
400 74
499 849
725 520
534 578
609 779
902 485
670 751
892 587
121 957
252 317
452 338
261 697
155 785
279 322
411 293
506 432
454 389
539 951
317 915
410 925
583 781
360 240
288 647
236 325
326 660
330 401
132 261
243 570
909 849
516 565
685 170
866 636
564 634
176 267
221 175
306 898
883 794
275 433
184 323
815 358
818 518
219 738
117 660
964 5
341 801
456 938
762 970
971 263
288 113
876 530
179 706
4 85
473 369
718 132
867 84
233 30
347 2
662 938
747 800
585 143
397 729
791 948
942 890
320 490
463 274
28 384
909 980
825 343
807 212
723 390
447 89
268 729
531 750
714 50
736 454
739 6
563 863
410 243
491 433
904 363
868 36
51 783
420 278
167 296
544 246
490 945
269 931
265 689
55 921
208 911
63 697
709 572
85 199
672 819
661 175
903 652
134 225
281 563
401 846
973 222
133 919
979 203
101 296
877 642
18 528
955 342
388 573
502 888
66 553
440 292
666 744
557 722
900 124
261 528
820 427
899 499
378 466
855 836
34 678
454 40
440 700
403 487
486 665
654 538
658 681
665 873
540 787
523 176
581 484
536 679
677 390
99 114
959 13
525 883
488 486
931 145
550 239
398 701
985 266
973 748
432 646
920 40
69 50
89 908
592 566
981 807
416 97
346 181
185 241
441 95
888 507
65 142
181 101
521 773
498 171
834 250
378 46
712 333
311 566
487 284
779 849
67 534
982 91
206 672
670 953
394 278
786 188
259 355
121 477
723 432
174 337
659 335
555 238
551 132
698 97
592 446
629 28
867 244
117 509
137 279
565 767
493 895
96 418
359 511
150 835
447 712
502 440
12 283
838 454
606 489
973 581
29 498
253 26
184 489
121 355
832 922
51 977
893 106
327 467
755 428
77 93
941 233
393 870
275 979
21 374
41 661
775 301
746 537
376 228
906 158
878 672
224 355
262 206
488 781
512 26
75 233
320 240
695 664
560 112
888 755
351 546
335 425
525 831
309 761
737 246
332 558
351 297
652 300
229 845
237 615
465 196
827 485
728 809
760 815
616 84
320 433
801 745
932 959
62 730
216 700
343 907
914 932
493 176
369 482
813 743
564 840
983 731
621 255
455 323
95 797
725 33
623 710
899 713
834 507
266 489
324 679
860 273
441 568
650 550
78 775
813 821
341 932
388 843
271 388
794 818
725 526
618 734
359 719
966 587
271 643
715 642
277 355
722 231
389 143
836 918
654 547
814 585
612 714
976 427
883 609
923 27
762 474
549 77
141 976
700 930
884 636
858 652
344 436
79 108
421 683
413 822
234 375
808 861
1 457
777 101
166 753
447 653
909 29
179 768
189 148
957 497
962 761
214 929
979 7
577 509
725 967
669 13
417 809
117 659
378 436
179 112
119 544
139 373
783 848
740 518
669 360
524 96
407 636
412 444
362 921
860 501
664 931
274 518
871 776
564 46
765 432
902 316
732 481
291 531
365 83
462 189
295 984
152 388
138 564
899 955
242 618
242 448
316 863
579 963
156 637
530 568
786 590
326 352
146 250
594 102
592 181
177 817
775 641
109 914
535 346
576 873
318 173
212 109
909 972
643 237
366 4
488 498
932 245
37 471
884 187
280 41
795 343
139 836
105 399
455 857
721 866
738 719
243 162
544 746
104 305
88 837
319 977
130 419
686 265
732 695
34 368
90 85
228 291
548 977
799 601
82 388
947 34
677 245
3 804
355 549
312 933
136 115
463 189
564 147
144 558
921 728
3 184
108 390
631 750
922 49
360 655
335 540
679 21
40 781
560 521
787 509
428 671
182 232
45 523
281 572
931 595
691 744
621 588
143 827
848 829
976 258
134 355
248 334
653 498
418 494
3 206
273 117
182 127
491 412
735 506
604 134
220 82
518 210
244 88
742 491
49 768
396 144
362 274
879 710
701 963
483 689
48 812
340 986
200 109
224 206
478 599
825 751
240 915
461 203
63 732
100 170
181 55
980 793
591 74
614 217
262 322
583 828
913 923
231 45
900 505
979 650
164 316
176 823
709 83
69 814
111 713
352 675
486 167
324 723
420 100
195 243
162 559
751 624
457 524
23 371
320 250
338 63
945 237
341 82
74 639
826 718
978 546
156 566
776 976
856 308
33 56
54 220
718 386
201 746
266 939
270 947
750 249
143 469
918 655
758 94
316 798
562 431
709 300
378 406
842 143
473 877
2 493
256 773
627 284
705 656
922 150
120 463
864 425
517 730
360 868
615 713
528 144
318 529
507 127
591 332
80 901
407 940
317 729
18 540
316 743
575 373
10 668
380 817
967 15
698 609
252 633
500 29
341 586
142 974
208 241
861 824
752 387
181 669
846 737
744 338
115 650
789 660
759 241
985 774
177 321
782 621
440 194
268 968
679 218
76 416
525 262
229 601
382 798
606 691
446 730
156 529
843 489
347 819
519 343
727 442
53 146
937 940
62 64
410 279
908 58
654 562
622 685
716 453
482 677
543 341
269 491
627 595
647 315
595 634
155 921
941 538
68 205
345 315
773 828
298 476
870 901
529 147
803 387
300 383
935 50
342 203
822 28
886 948
433 650
566 17
368 818
922 356
580 280
690 712
565 274
594 951
207 930
651 255
137 393
73 683
878 223
815 79
582 147
125 135
861 925
872 959
669 229
282 351
690 957
616 655
543 744
967 524
968 950
243 610
262 728
29 696
468 431
644 448
281 68
949 845
112 576
117 587
8 433
161 66
698 878
391 466
391 921
268 722
976 720
587 500
588 510
218 625
542 411
410 248
395 721
866 705
280 89
979 34
310 448
258 295
614 51
119 880
501 747
596 292
379 604
402 950
663 554
818 196
50 858
138 2
340 58
762 182
839 160
224 467
793 47
4 497
481 561
524 760
512 394
144 559
659 461
861 686
715 836
187 310
192 224
671 402
239 522
677 674
681 333
29 383
268 294
380 405
794 622
3 957
499 407
229 616
16 422
491 523
95 676
744 170
672 689
263 979
158 362
256 510
302 298
293 775
722 752
482 182
420 555
977 115
686 613
636 650
114 302
747 467
74 293
237 279
547 724
407 712
862 761
168 405
25 44
320 785
202 622
963 636
857 225
491 959
758 958
239 688
184 682
813 822
433 554
550 31
227 262
829 61
216 826
434 39
401 227
893 177
163 332
736 79
439 886
227 629
836 557
395 666
900 481
278 547
355 911
49 531
440 346
404 509
322 696
860 883
286 183
198 469
492 613
700 436
829 930
776 977
941 596
729 41
32 636
396 501
532 215
53 623
940 71
266 18
862 158
521 211
93 372
701 117
540 840
578 55
134 180
14 660
698 806
770 379
258 90
248 370
124 119
948 340
326 416
255 282
814 46
53 302
347 513
125 728
616 86
156 662
1 723
954 849
354 238
803 684
591 222
233 51
685 560
32 650
287 194
384 483
248 563
265 398
618 612
674 767
549 268
660 212
862 790
318 133
746 375
788 112
225 786
637 255
505 985
725 524
234 264
718 944
755 934
865 247
686 440
140 338
87 480
139 522
733 169
832 715
960 593
305 887
788 772
772 555
117 655
778 977
378 534
802 472
906 919
891 809
820 283
181 884
58 379
977 42
760 838
402 98
852 347
648 283
333 351
388 449
737 280
287 296
699 111
554 442
582 649
761 556
454 544
429 636
711 543
327 971
43 272
705 53
397 676
145 545
37 408
405 31
148 375
24 840
577 983
979 304
744 790
74 174
556 299
868 533
118 202
29 677
548 796
146 899
349 489
333 698
544 786
799 283
363 142
399 324
784 853
598 855
926 848
746 506
748 394
229 119
741 165
688 319
309 41
534 850
463 708
743 22
253 774
588 175
262 362
959 848
465 964
871 372
656 901
589 25
630 304
557 112
559 427
4 381
941 813
653 227
804 708
757 804
664 879
483 774
506 467
722 482
624 737
180 458
521 306
940 554
500 654
473 225
432 747
129 279
3 362
851 110
103 165
359 368
823 236
841 942
239 814
885 339
211 947
777 806
513 592
327 717
383 463
719 353
173 381
818 553
785 150
268 23
777 340
420 170
896 204
239 966
216 584
3 806
336 948
228 738
837 643
183 74
29 278
509 675
936 934
576 232
210 874
200 377
69 165
16 900
218 576
942 58
451 48
931 378
952 981
57 252
977 488
265 898
127 154
809 93
684 241
727 518
770 848
257 118
259 931
136 459
505 922
588 484
634 268
62 877
636 504
710 484
14 976
609 218
735 526
494 871
101 622
527 724
484 716
110 201
90 445
42 681
449 236
731 15
834 614
153 398
410 615
219 852
305 944
378 742
490 547
476 191
629 111
564 643
67 449
804 45
218 136
905 88
742 858
763 291
596 33
814 312
146 754
665 694
759 871
614 613
854 247
641 567
533 375
797 34
447 418
584 689
415 53
35 773
316 81
845 65
31 558
515 296
223 600
260 632
504 277
289 34
952 147
58 436
153 805
140 690
736 394
575 895
7 617
802 339
704 447
608 692
493 559
285 629
671 157
568 140
110 681
436 324
578 61
254 669
419 680
721 88
655 869
146 375
44 13
834 904
212 532
515 137
917 874
147 598
114 274
637 562
500 622
802 615
966 233
70 391
740 974
673 360
32 517
610 901
775 390
105 436
567 924
679 818
411 894
905 527
708 178
179 741
865 275
259 892
890 77
648 359
850 735
319 575
964 800
54 503
974 542
870 864
765 214
126 383
407 57
177 873
550 604
38 737
848 226
418 910
75 966
26 725
618 330
289 667
39 677
228 920
656 96
165 571
236 200
872 837
923 950
929 309
488 3
430 274
418 306
520 832
222 695
298 345
250 363
384 136
739 603
318 513
891 372
30 149
972 979
863 177
774 276
500 425
578 634
587 748
777 410
910 615
802 52
287 977
206 660
858 207
163 172
294 796
336 221
407 215
942 13
49 354
710 404
433 632
434 147
681 146
296 964
100 320
48 560
806 321
758 51
375 847
710 182
847 182
522 94
887 280
33 123
792 248
747 403
656 807
414 102
956 779
4 136
363 129
79 176
929 249
178 22
950 955
968 965
511 238
723 389
118 339
117 165
448 506
394 423
103 955
679 114
168 318
674 421
179 308
821 600
333 749
661 596
443 814
231 530
946 187
603 486
933 884
476 302
282 626
121 41
800 476
340 269
312 510
460 76
10 242
11 704
351 625
114 459
743 948
412 30
604 368
895 772
760 867
749 116
144 333
219 771
330 223
406 727
779 542
128 652
458 174
422 440
615 310
213 755
324 477
22 475
478 521
597 34
623 754
40 145
442 70
126 469
343 177
769 973
811 572
458 524
239 186
757 531
236 102
271 170
528 765
68 848
2 204
760 736
842 100
822 263
613 798
172 724
103 218
308 436
662 37
795 17
107 36
766 505
828 817
902 541
70 821
968 980
754 851
160 727
910 171
422 970
735 487
774 220
882 351
378 756
604 816
313 153
613 761
686 289
733 431
711 45
474 905
94 939
386 790
606 324
48 435
232 144
175 719
325 350
595 583
543 208
693 664
771 6
350 595
960 803
151 504
725 408
319 619
765 380
865 625
158 485
526 453
510 221
523 622
484 53
781 75
334 816
99 726
950 100
628 70
741 918
872 656
123 736
361 173
695 671
458 746
618 463
676 918
136 686
448 693
371 610
394 407
676 870
408 82
378 509
262 561
231 770
921 82
44 231
65 571
582 355
568 3
69 138
239 899
493 68
754 878
78 173
611 133
478 140
812 591
160 633
396 135
804 209
509 736
792 920
502 619
358 442
109 331
1 53
95 71
304 445
841 234
949 886
809 574
249 791
585 602
617 131
108 97
899 717
437 833
522 211
318 374
889 666
726 4
943 518
306 585
572 876
560 940
120 147
598 66
85 117
267 517
789 221
794 136
280 963
413 356
749 522
697 41
917 121
773 863
465 647
568 367
349 269
821 756
442 922
496 862
26 733
279 663
925 668
221 820
885 574
541 97
423 192
310 480
370 192
557 759
979 444
372 534
414 322
289 110
931 219
223 982
621 522
290 829
441 772
546 500
844 10
279 455
437 860
668 48
889 455
873 865
447 210
12 288
552 160
823 535
152 781
501 645
65 508
160 296
623 186
112 454
230 426
573 13
523 146
395 301
500 593
512 636
223 53
336 744
781 390
507 488
694 263
603 731
517 647
148 545
150 548
125 132
452 436
94 877
185 215
483 771
229 625
103 262
752 418
825 935
203 983
226 985
299 440
871 374
585 857
98 622
99 170
173 154
672 519
50 752
331 850
794 102
651 435
926 460
404 724
495 832
387 597
586 410
260 710
82 502
912 553
251 271
333 797
817 653
516 74
294 648
160 562
527 842
521 607
315 610
851 532
946 980
308 899
452 822
333 715
613 606
28 689
730 564
485 939
513 218
129 209
723 66
155 644
619 942
985 341
396 247
913 27
71 311
429 686
644 769
72 522
166 176
882 838
375 216
821 921
617 337
914 534
203 414
187 440
170 749
392 597
954 732
503 52
924 68
273 236
241 919
93 942
28 370
17 668
548 904
590 82
884 427
872 339
537 92
50 105
416 297
680 635
386 39
319 937
110 38
219 203
155 741
486 79
223 711
904 268
372 98
500 95
233 316
953 142
38 237
900 277
596 719
756 799
