854 2829
379 580 510
401 486 331
759 674 548
483 758 519
682 842 84
368 223 488
444 370 310
158 46 16
468 656 902
792 706 493
83 479 656
220 295 238
198 680 504
258 169 364
497 799 255
543 9 776
729 429 487
498 317 914
490 507 384
194 160 588
631 568 558
694 417 981
351 131 53
586 248 200
32 386 282
387 4 853
392 488 280
761 350 570
109 322 990
558 113 363
346 614 152
263 817 734
177 823 551
536 564 66
838 758 305
218 470 228
124 600 314
248 790 117
431 717 137
305 398 689
291 600 481
386 344 838
647 77 5
467 509 227
679 180 309
739 460 414
399 289 346
333 75 585
528 277 285
286 767 26
796 2 701
702 105 712
515 697 660
547 597 748
209 389 603
700 490 952
325 178 980
809 433 397
224 443 954
497 59 45
312 251 735
810 23 921
283 483 611
75 267 112
547 387 300
843 292 424
623 294 636
490 330 270
686 221 541
38 123 914
41 253 665
713 763 884
333 437 872
306 568 605
85 177 609
594 474 346
658 119 280
429 184 440
342 616 756
645 54 291
687 607 38
464 654 221
303 389 692
557 144 10
173 242 926
494 66 189
94 122 237
804 256 284
651 380 880
474 683 321
365 450 958
656 426 918
619 181 679
551 675 158
814 502 670
54 300 350
839 250 38
192 209 751
342 269 131
13 409 153
98 820 755
79 184 516
600 136 826
125 641 665
196 131 596
130 812 184
422 490 85
286 276 916
503 408 153
577 635 308
193 453 744
361 174 618
548 225 411
265 116 214
489 471 558
721 229 644
609 200 306
812 38 492
844 694 453
660 814 819
510 421 606
471 175 670
7 47 935
164 737 944
148 371 662
540 754 760
286 717 898
533 792 582
761 256 191
54 655 262
164 528 535
253 164 670
100 718 177
637 570 601
467 527 969
432 849 456
182 262 174
111 276 841
392 771 52
736 510 832
247 178 584
373 568 677
523 512 362
224 848 791
46 82 801
187 659 917
597 837 519
90 704 605
261 158 871
669 615 730
213 614 916
169 413 668
219 368 400
413 341 294
125 95 746
788 241 500
169 594 181
604 448 840
219 585 480
670 550 101
136 45 113
376 812 688
667 1 181
784 809 28
292 167 206
618 251 678
548 172 938
57 506 709
363 544 848
586 166 122
745 818 172
182 747 410
692 442 991
533 215 408
613 400 716
699 806 751
772 749 261
779 592 751
231 395 630
547 256 788
829 69 210
281 51 262
827 266 277
383 194 549
413 362 679
167 476 317
178 790 83
635 353 30
240 331 837
209 532 16
765 521 6
390 747 981
684 36 395
818 611 143
165 246 573
57 54 793
41 650 207
729 128 146
780 203 538
21 247 245
291 286 319
206 830 352
71 360 272
384 163 568
591 578 945
185 798 374
419 51 782
423 830 287
167 134 807
214 142 982
827 165 977
169 411 810
221 425 512
545 229 739
653 636 803
481 829 378
46 716 724
488 41 744
641 207 854
78 421 857
338 334 834
421 237 304
701 58 685
22 470 875
148 731 841
619 208 413
820 408 55
830 373 422
603 532 772
747 741 806
605 139 193
674 51 517
313 713 909
280 134 730
95 657 725
188 676 508
637 664 772
197 313 634
443 462 456
191 674 476
191 723 611
213 30 478
753 809 684
746 92 875
69 569 787
807 598 639
707 243 845
250 448 467
182 844 143
574 535 252
689 94 719
631 504 45
67 829 140
116 468 935
381 342 419
174 325 826
797 194 287
533 608 972
193 649 281
838 64 598
194 184 961
332 421 545
789 503 108
304 390 295
313 365 133
183 818 40
685 370 737
357 302 931
671 580 112
295 712 585
698 282 47
55 79 138
475 187 563
715 26 635
252 66 691
140 111 899
612 262 871
841 13 390
693 686 543
520 375 488
445 248 622
122 758 278
26 88 474
801 116 495
387 510 369
493 422 181
207 195 197
833 542 117
312 736 98
16 34 640
581 751 775
103 692 719
631 174 796
714 606 555
523 510 732
236 853 601
392 302 720
63 326 86
587 469 138
453 487 553
832 149 215
837 70 183
137 291 580
772 132 839
755 201 668
195 341 209
554 415 552
777 232 852
568 107 346
173 846 842
318 707 916
724 269 552
671 315 803
242 698 325
355 6 811
286 11 602
708 306 347
688 670 720
650 72 798
592 713 673
311 289 477
454 151 958
286 101 598
465 543 998
705 546 707
392 534 807
26 690 116
515 836 928
3 763 279
598 839 979
227 337 978
20 111 110
216 117 999
137 375 709
116 15 919
66 474 824
521 300 860
548 783 29
237 599 676
634 739 309
63 202 69
594 509 592
416 797 227
518 21 139
258 698 435
87 578 168
379 543 168
110 120 338
676 257 406
702 491 237
717 514 233
380 464 653
842 839 84
754 830 644
7 726 856
318 851 590
102 569 520
545 681 608
317 526 134
427 28 164
206 205 836
434 483 449
656 365 631
814 708 948
539 426 509
123 272 778
248 599 329
241 474 366
3 495 984
201 502 504
137 100 805
406 575 702
458 57 534
81 611 17
435 495 880
56 731 298
424 829 747
456 592 414
418 698 802
378 36 30
407 656 420
803 778 563
544 710 680
693 55 467
693 402 7
333 795 901
276 123 970
705 319 24
612 237 33
201 537 453
305 686 791
530 796 887
451 757 739
791 716 280
841 821 25
309 740 17
30 661 167
407 382 607
754 471 586
219 248 169
588 81 858
804 417 170
626 659 65
789 471 925
681 354 199
251 578 117
831 843 888
633 682 194
183 217 562
824 198 957
374 351 690
96 468 144
140 463 459
69 204 461
239 841 157
706 825 955
145 749 785
764 625 295
634 698 52
559 430 972
522 120 605
833 387 524
495 50 454
178 285 193
763 741 753
517 785 619
449 180 275
27 806 842
473 59 856
560 593 134
792 238 866
682 665 666
745 275 148
726 387 362
162 700 317
629 591 669
535 783 233
596 738 398
810 221 113
813 213 987
259 39 450
747 617 691
552 678 998
272 414 260
52 219 426
312 575 531
595 746 957
708 314 842
30 454 951
563 709 861
439 366 874
548 336 295
287 541 949
719 145 762
321 70 844
24 591 225
563 559 552
594 339 528
733 548 800
393 15 858
2 726 465
432 50 125
741 289 126
713 358 906
567 206 398
56 595 369
258 791 199
757 717 475
660 781 340
377 550 818
46 713 869
734 110 14
808 622 233
363 714 824
714 448 310
190 748 295
315 391 160
181 254 312
168 446 386
769 414 506
230 267 624
755 545 299
520 451 638
592 688 68
627 616 210
534 85 496
585 818 197
528 783 636
746 356 112
239 226 384
107 372 664
409 21 556
70 403 566
785 691 733
67 394 658
286 318 564
182 559 476
387 564 895
609 355 528
780 387 408
47 771 867
82 176 400
317 774 700
545 305 606
117 598 325
194 744 264
161 573 226
726 472 749
319 311 792
243 2 564
422 379 738
70 551 109
493 692 689
660 848 326
703 23 118
370 144 803
100 571 210
225 350 396
800 329 207
97 344 870
333 58 249
84 606 288
493 487 457
289 197 444
299 145 760
673 376 324
633 554 716
319 683 856
37 436 368
449 842 23
384 135 267
107 677 826
112 127 699
711 538 754
614 417 433
180 136 498
419 767 957
21 592 968
240 146 997
374 701 958
641 124 73
267 226 930
716 211 572
666 252 171
738 284 977
88 97 590
813 216 794
761 583 265
791 764 145
698 408 997
635 124 598
13 292 488
42 287 104
14 360 637
686 804 654
254 853 152
305 758 477
87 778 814
407 200 707
23 239 801
29 466 960
791 640 237
726 354 735
165 634 611
663 296 473
495 454 374
65 686 378
57 56 335
107 353 20
747 106 776
153 283 737
661 273 209
720 583 62
762 163 147
499 339 973
675 817 144
327 777 462
422 430 199
201 415 41
57 588 226
67 617 940
439 536 112
761 320 524
650 456 305
180 850 678
603 166 932
337 701 230
376 482 700
139 845 391
627 689 255
378 182 584
837 96 297
649 132 307
304 642 939
710 416 411
342 271 51
369 342 610
730 67 321
115 666 172
624 406 395
664 749 526
121 720 725
487 557 26
333 541 19
726 368 752
451 46 894
211 335 488
423 276 681
670 492 810
586 360 462
731 259 833
18 604 638
38 376 42
367 250 894
684 89 184
53 527 958
772 630 910
644 680 221
725 284 664
764 790 136
358 842 459
372 663 840
218 293 988
354 126 528
802 736 255
257 450 449
601 629 137
189 110 787
851 601 284
273 57 305
247 509 785
617 269 199
389 537 315
480 523 38
475 371 624
411 13 749
195 598 428
42 657 295
298 437 804
261 32 258
760 679 557
438 840 397
264 357 183
412 711 923
653 583 755
572 197 134
591 78 495
450 510 787
422 394 713
492 760 158
572 302 106
676 821 642
735 364 1
611 713 905
768 22 574
428 564 280
317 370 842
439 837 386
576 527 239
738 323 763
729 673 434
169 713 559
603 78 571
233 611 890
525 486 628
138 467 263
418 821 320
580 788 507
97 670 515
65 609 341
417 715 342
167 242 780
272 828 228
725 223 393
185 23 966
636 255 890
154 448 302
779 599 118
329 376 821
661 149 828
89 525 207
8 726 853
699 782 737
390 522 145
187 220 513
615 709 415
796 165 389
533 56 38
636 256 174
833 688 560
29 267 739
93 327 997
742 467 593
255 441 332
717 129 451
641 637 985
660 186 204
392 23 835
475 587 420
465 107 101
722 493 83
16 813 384
420 396 538
794 699 286
497 447 662
438 547 4
828 348 789
513 669 344
674 834 318
535 488 947
831 779 654
844 439 651
143 44 907
691 599 533
89 334 408
235 9 356
403 536 435
642 728 760
387 354 566
396 745 38
668 425 435
76 201 570
187 208 129
512 698 378
626 305 791
538 16 485
459 450 834
77 354 66
725 422 392
748 181 389
299 380 694
319 595 204
690 88 325
351 310 638
803 682 80
331 691 581
422 247 472
369 124 54
155 365 477
229 196 574
746 312 956
665 62 625
692 796 755
678 330 884
254 28 45
707 507 478
717 850 34
611 656 733
172 101 211
413 740 563
48 251 709
727 19 35
58 700 730
20 455 663
126 37 991
144 330 31
98 206 483
34 322 354
630 532 700
214 805 154
227 555 754
699 536 306
307 627 324
673 841 699
189 360 311
110 570 470
282 194 121
85 726 706
825 560 988
196 363 514
92 2 798
523 351 676
834 507 571
383 798 428
335 835 920
556 214 348
38 833 473
301 26 690
249 824 887
78 561 233
392 812 818
291 107 889
56 830 114
411 620 119
618 218 417
206 656 496
44 405 624
671 234 899
441 189 452
189 184 166
191 854 555
313 455 470
35 569 93
727 360 347
52 55 73
790 80 952
595 676 889
178 706 751
264 482 403
193 519 114
584 550 75
370 745 140
623 153 531
614 173 68
456 311 975
769 634 30
415 726 171
840 831 68
382 134 565
215 697 110
841 350 103
474 58 162
836 291 774
106 238 432
576 824 986
838 589 538
331 152 374
392 196 87
536 676 490
668 211 500
137 558 787
409 663 565
716 451 697
512 30 893
481 654 594
291 189 847
323 534 832
86 319 44
283 13 574
64 701 83
122 790 410
523 124 904
378 324 478
159 824 644
656 629 552
828 273 647
285 227 162
610 481 913
453 804 956
386 90 815
490 479 884
368 262 828
684 107 614
754 311 15
726 264 290
708 125 121
702 720 932
98 429 415
212 181 964
402 267 598
384 628 993
404 22 249
831 364 470
529 625 838
642 685 86
72 638 189
29 122 435
132 699 528
161 184 177
18 469 27
195 378 226
206 360 740
174 837 317
15 129 774
293 505 85
824 502 538
525 438 796
144 83 691
728 167 193
18 415 116
255 802 90
11 99 387
382 488 529
316 134 836
101 203 169
85 677 705
679 664 51
677 171 254
9 87 767
96 40 885
195 797 243
91 321 552
341 421 939
801 453 953
164 564 536
510 397 384
511 523 177
744 259 305
510 359 967
604 829 697
664 801 399
171 432 781
743 395 813
169 409 811
93 701 936
719 780 120
521 540 543
117 54 600
329 556 410
264 35 632
231 468 240
66 597 881
609 253 23
199 85 658
177 78 21
19 47 636
395 18 469
412 216 30
785 700 706
726 395 370
691 4 214
99 20 100
481 373 536
712 116 447
269 406 551
122 772 377
286 388 410
645 583 713
817 380 858
799 271 196
507 767 57
411 114 953
396 26 429
353 187 624
533 740 79
648 120 412
401 730 412
242 192 695
200 837 763
749 746 370
104 370 744
233 449 147
265 717 279
784 683 465
392 701 925
770 228 429
642 654 196
11 326 813
299 765 933
287 206 442
22 249 902
51 537 501
69 26 892
605 849 819
745 32 126
154 249 573
319 705 866
489 364 488
597 440 403
391 408 64
421 317 594
163 101 15
808 682 193
564 505 1
813 624 460
680 582 485
713 767 241
817 212 217
614 296 201
362 207 658
483 754 351
601 854 832
758 626 494
625 147 224
579 784 140
402 131 626
452 565 100
552 219 753
119 699 999
70 489 357
602 551 668
697 9 826
535 474 604
179 515 917
408 282 736
444 542 577
792 468 518
515 729 772
304 529 633
646 160 401
517 493 879
337 122 626
443 145 120
222 423 337
263 244 180
103 43 895
462 4 2
69 90 473
664 4 459
182 173 432
560 85 609
83 45 956
293 719 850
236 227 642
674 118 324
622 231 494
592 623 279
461 745 250
475 755 479
728 454 450
434 555 993
550 149 266
633 281 409
787 143 130
58 143 316
466 640 448
201 490 290
312 571 445
590 538 617
68 285 797
134 752 627
770 817 143
567 433 563
787 373 940
266 846 428
15 426 625
712 7 376
433 331 243
535 173 905
440 734 453
98 634 608
827 634 702
437 59 714
425 447 515
576 696 52
846 187 341
519 498 885
213 823 998
378 734 505
352 493 152
515 261 352
212 335 992
526 504 155
304 121 871
380 712 861
670 784 877
315 164 847
749 609 39
761 421 115
455 684 764
446 575 165
435 719 156
112 544 626
511 463 726
830 14 413
762 826 610
182 791 461
731 673 989
783 254 946
612 453 783
759 705 51
161 242 956
450 493 752
444 638 241
635 366 497
614 51 621
159 280 774
402 474 610
318 821 105
28 259 744
502 543 713
364 633 281
230 823 658
558 27 692
230 615 52
375 838 739
254 459 184
228 682 754
836 848 990
316 362 949
80 554 281
434 576 312
231 794 186
313 573 221
677 769 897
338 214 758
700 828 277
366 145 892
298 161 489
145 801 463
427 102 827
478 134 321
643 694 474
224 10 619
829 677 817
631 259 592
393 304 27
155 811 454
170 649 96
2 192 9
131 191 147
315 452 26
611 517 894
36 617 868
137 793 3
165 307 226
356 764 584
835 549 659
693 313 457
79 514 249
733 202 465
792 114 43
149 151 382
365 541 311
388 640 257
375 159 767
481 497 60
822 593 870
322 712 214
825 686 660
533 257 213
807 489 653
450 673 91
678 423 816
605 46 561
690 686 592
469 226 480
432 290 290
647 432 940
304 468 549
116 520 718
81 214 525
280 705 495
698 20 723
12 501 221
369 728 116
167 710 65
822 700 167
630 312 568
28 256 907
576 331 396
56 718 945
539 541 192
797 41 93
835 568 963
610 5 429
104 182 292
767 184 861
396 12 391
482 525 669
112 18 603
81 433 457
446 161 286
739 114 734
531 242 897
234 494 522
624 388 166
196 583 555
294 604 656
597 614 954
96 322 295
266 841 302
552 357 861
588 623 348
621 578 644
424 198 954
140 184 350
266 389 350
245 421 896
789 772 426
374 218 976
768 10 709
538 526 572
331 118 14
553 554 697
360 207 888
475 710 346
816 704 586
297 708 898
433 548 705
475 758 499
805 71 909
668 376 559
425 850 883
708 700 877
537 552 306
127 525 739
4 334 460
504 587 329
466 797 472
824 194 777
381 707 590
767 722 254
682 687 284
7 770 386
843 496 539
703 392 438
373 196 762
187 188 791
809 618 798
118 814 94
689 552 239
517 237 489
750 212 292
685 427 571
549 413 681
197 815 106
266 147 582
637 220 440
395 53 507
380 590 326
644 564 842
558 791 331
676 337 851
517 110 861
633 703 615
410 130 62
512 364 542
67 430 828
452 578 225
101 253 421
634 243 686
48 64 806
689 206 824
322 542 70
581 632 15
571 137 524
387 840 30
544 368 852
98 298 754
416 538 841
660 597 468
853 646 123
354 319 962
175 320 138
228 373 476
65 526 397
36 610 781
422 662 100
565 63 202
684 488 814
716 672 642
342 198 661
126 622 494
201 741 185
774 419 871
809 60 21
36 43 987
286 658 876
770 94 55
232 507 549
833 585 732
27 801 94
127 217 510
632 824 283
234 348 714
456 678 367
386 759 312
181 128 1000
848 75 1
641 840 685
431 121 358
102 57 341
715 56 625
349 552 441
827 39 443
73 106 220
323 132 943
609 267 662
196 502 363
718 222 573
605 79 930
197 280 741
763 788 300
19 407 786
168 534 987
62 761 294
15 293 604
685 84 706
50 358 513
192 191 987
14 153 575
705 521 381
544 596 29
98 153 206
522 695 724
342 845 100
745 497 159
53 117 466
499 100 359
142 385 682
761 90 679
652 574 154
630 186 509
449 577 295
98 153 371
2 499 192
851 159 324
481 44 832
333 804 748
847 823 371
805 464 319
395 627 407
460 806 268
734 141 50
71 165 607
23 666 480
769 86 184
463 703 770
270 25 200
633 677 989
853 403 181
794 514 503
826 6 692
454 455 542
500 310 481
431 82 734
586 609 704
604 286 642
45 827 496
826 657 92
270 278 31
594 733 723
248 335 515
527 704 273
519 792 802
306 231 652
396 270 915
370 184 277
709 413 910
397 774 237
331 830 586
222 700 270
280 113 266
659 422 80
626 468 836
739 32 172
362 662 135
100 735 229
152 188 632
213 18 613
417 605 760
154 571 615
379 177 805
669 449 868
462 749 704
554 303 605
319 132 661
721 300 718
246 120 754
136 656 473
816 451 935
100 427 971
559 296 253
479 548 24
526 74 364
741 826 1
376 563 352
293 458 988
273 841 422
153 319 397
80 669 247
442 807 280
71 328 32
549 810 261
420 835 177
215 359 535
51 801 923
104 571 315
754 73 772
820 155 296
395 453 822
148 42 568
623 52 92
96 554 746
103 706 583
621 680 646
147 736 725
500 720 347
385 329 311
418 451 296
50 93 512
322 283 150
282 215 655
36 633 642
311 727 165
287 553 323
256 570 776
159 660 656
154 841 137
162 108 212
812 291 541
259 611 960
638 240 798
719 820 340
649 379 380
546 421 408
717 667 436
751 235 712
221 245 787
656 295 895
39 792 348
288 233 93
26 600 694
574 11 98
787 189 961
808 721 488
678 676 811
466 290 135
440 381 828
768 75 263
246 433 195
589 732 771
94 249 499
370 317 594
202 430 457
665 291 924
727 499 423
454 331 230
433 824 194
206 428 245
116 831 341
607 719 498
580 656 673
324 527 591
211 523 760
847 228 456
97 3 500
745 791 734
609 699 127
161 769 695
523 640 240
718 356 442
20 476 709
646 285 15
525 805 782
838 540 566
610 611 785
594 839 965
541 292 936
682 690 349
13 19 263
180 481 423
168 133 174
589 491 702
10 405 25
193 801 59
429 724 99
192 720 505
793 601 828
547 365 610
62 488 873
784 845 627
1 566 912
329 97 874
478 677 722
807 363 743
43 317 237
553 634 13
532 319 19
161 130 327
539 774 723
238 274 1000
666 787 444
743 667 538
831 58 203
256 826 994
249 588 225
412 449 668
425 717 58
739 497 609
755 300 296
507 369 596
372 709 602
430 435 705
814 272 878
134 15 418
311 488 758
520 693 589
365 282 435
402 375 336
178 597 83
616 538 146
261 11 750
545 281 672
423 456 511
792 39 366
777 645 117
660 446 951
537 374 981
166 36 677
722 765 45
777 188 649
235 174 963
715 771 264
629 360 536
635 80 624
476 143 130
386 724 933
769 38 255
463 101 199
148 150 310
44 701 420
664 649 819
329 475 73
539 321 930
494 613 528
842 634 671
159 461 521
141 527 748
381 552 782
392 106 157
844 67 485
238 680 734
414 103 26
551 809 406
776 290 941
511 802 395
109 196 910
78 594 100
554 795 654
645 249 372
20 523 222
794 106 725
599 593 225
331 805 831
682 214 356
515 65 134
707 88 863
756 410 371
48 27 749
382 534 232
567 291 989
102 433 297
220 722 729
500 330 648
153 477 110
835 164 565
618 653 764
145 646 940
279 533 864
755 422 568
259 528 661
639 22 814
370 476 642
841 532 919
19 696 327
352 171 276
761 123 287
537 416 473
228 759 290
677 560 487
160 219 423
764 683 320
748 198 461
386 394 456
430 634 277
671 693 824
296 709 270
696 469 217
178 264 711
584 352 614
708 690 306
188 52 253
539 128 649
585 469 401
132 239 423
404 500 470
564 485 977
498 613 498
235 346 349
529 589 419
350 60 904
250 718 231
321 546 606
171 555 187
760 448 944
797 713 280
538 670 167
770 592 3
400 779 520
464 592 54
517 822 543
369 415 558
49 397 497
804 683 204
676 724 831
54 98 105
312 212 671
247 640 756
500 773 403
361 749 178
608 333 228
21 508 465
679 406 83
717 485 167
731 157 620
820 481 642
610 210 690
315 98 982
717 405 821
493 464 303
577 850 542
177 11 50
508 577 432
153 795 878
539 606 81
405 713 92
175 794 833
90 834 491
763 749 738
803 695 477
128 511 738
83 815 586
242 219 241
667 755 922
674 34 922
756 460 540
33 233 339
811 308 571
175 637 989
796 640 394
14 45 310
75 511 803
198 104 378
420 229 370
664 57 674
83 600 678
320 300 821
319 4 285
440 153 156
714 725 112
761 687 261
635 507 701
120 300 184
450 293 146
311 233 704
790 297 457
185 469 869
16 339 70
380 345 270
370 422 616
484 630 119
475 636 668
183 829 820
84 552 217
715 676 501
637 162 2
442 276 653
293 789 974
717 715 45
23 125 963
558 22 424
768 54 505
487 608 967
224 355 536
129 711 709
227 697 173
87 759 921
247 536 223
610 527 634
666 761 573
754 283 908
215 391 386
750 103 978
56 852 307
471 58 293
424 677 222
663 202 361
423 120 322
714 413 158
678 19 689
723 405 557
658 778 674
210 850 227
22 359 627
479 303 272
780 151 490
587 792 23
77 4 51
362 489 948
600 569 158
831 697 575
263 135 862
614 141 808
271 198 886
685 733 877
808 161 691
665 243 551
600 370 270
379 594 750
150 22 827
623 438 260
599 639 190
679 484 969
497 112 194
154 579 921
291 62 477
536 601 722
155 116 97
447 335 18
627 256 151
37 623 398
658 485 715
134 505 170
401 29 225
503 426 29
315 603 581
682 339 804
142 805 177
722 772 567
545 776 542
107 432 59
771 357 849
480 585 489
260 633 972
690 841 753
522 306 911
387 347 392
502 559 245
69 448 333
408 353 388
311 201 876
707 11 343
438 801 950
306 218 349
296 105 308
106 155 911
241 200 264
351 61 643
92 695 961
38 657 728
780 592 747
853 357 996
121 245 549
659 289 307
699 396 457
145 249 641
620 654 877
293 69 859
608 605 91
218 422 418
802 294 812
499 165 292
201 243 782
725 331 837
851 844 231
142 740 840
613 691 899
442 121 283
128 355 537
415 146 862
435 55 19
509 372 295
830 295 375
77 267 962
590 805 272
1 230 446
390 87 268
127 112 51
590 572 206
320 281 785
59 528 64
530 378 357
367 138 19
242 564 491
82 280 668
803 201 587
380 385 68
110 784 590
371 45 733
272 106 532
833 785 773
416 37 788
156 324 986
115 206 699
650 457 385
433 83 547
146 748 742
146 220 683
691 501 462
125 324 759
384 397 134
584 526 58
495 290 984
490 306 726
720 239 135
734 373 334
640 774 233
833 763 742
450 208 691
364 344 38
328 603 406
760 380 79
63 132 155
750 543 613
540 241 684
9 537 910
710 159 925
89 817 442
559 159 776
81 616 141
779 511 385
509 226 153
677 487 536
253 374 957
153 299 667
750 216 586
677 757 352
837 48 862
563 604 563
614 93 164
316 29 522
9 841 567
470 508 123
204 310 725
694 834 198
83 286 230
6 844 115
225 60 35
395 601 110
749 180 465
695 328 178
301 312 11
429 610 466
686 89 58
333 645 494
203 800 466
284 298 290
636 91 744
259 757 850
466 717 4
67 564 405
330 572 246
194 154 101
607 754 290
624 571 752
705 327 138
212 482 938
780 282 706
562 314 911
380 811 284
392 826 342
615 625 93
182 219 509
447 64 422
679 318 642
516 217 937
291 578 691
518 452 603
285 648 859
305 51 922
664 251 574
311 177 491
362 846 70
748 413 570
535 29 11
653 605 698
510 817 816
537 782 940
647 560 208
664 311 216
307 83 183
274 27 715
206 597 710
200 453 449
527 160 135
641 413 879
237 636 938
439 144 103
177 322 277
215 250 900
325 139 754
58 654 944
831 164 444
844 370 177
600 110 610
359 717 553
74 252 363
35 485 202
580 347 857
444 662 716
449 41 781
834 237 664
569 379 70
259 530 335
65 502 903
649 588 972
729 844 743
581 214 288
287 209 68
553 43 547
426 498 360
92 119 611
242 157 357
756 342 160
771 646 352
434 508 524
763 780 944
436 358 246
100 440 45
245 511 433
500 586 749
521 414 248
343 836 931
715 757 662
761 652 30
71 665 196
834 200 635
220 510 797
223 560 661
389 55 818
142 808 416
291 49 529
50 578 797
559 26 469
277 537 959
286 674 328
653 378 434
716 419 58
5 256 735
834 213 436
810 258 150
6 102 913
126 327 588
612 307 681
813 602 144
40 813 614
279 273 555
679 475 528
379 493 986
87 89 837
635 261 527
476 679 145
622 566 794
355 381 572
510 103 17
525 677 335
94 785 836
812 128 918
289 726 748
292 471 705
674 384 604
20 129 383
670 548 995
845 455 122
177 530 161
402 761 44
59 21 216
761 147 617
612 631 578
807 830 591
123 792 308
5 231 464
791 471 549
65 754 235
618 465 955
272 158 431
744 188 565
479 390 548
412 610 839
159 825 523
391 472 819
227 127 771
104 18 845
602 453 529
688 18 3
268 748 896
264 39 240
329 513 197
53 830 873
353 839 137
806 32 768
738 608 568
221 289 55
132 145 641
69 292 448
530 332 742
470 607 369
709 293 619
384 606 762
672 69 874
426 390 18
162 180 873
46 621 329
591 704 433
401 629 545
331 62 423
696 88 33
482 150 343
640 665 999
639 327 959
632 147 888
134 436 939
71 212 305
309 697 968
674 703 220
168 238 115
727 694 307
443 157 115
432 461 104
379 593 943
92 459 236
475 136 79
140 337 444
116 615 663
834 371 95
838 251 667
567 440 258
756 496 695
746 620 144
174 531 572
107 662 249
374 690 62
572 248 313
294 36 188
751 519 551
281 681 404
192 840 980
419 191 879
559 750 557
677 274 442
142 314 575
187 670 41
205 404 686
5 51 362
604 718 577
630 184 774
835 314 996
286 492 46
630 720 225
328 71 48
216 56 526
337 199 216
220 685 190
518 563 926
711 392 198
748 570 992
323 655 375
495 55 542
443 685 5
127 188 277
200 680 552
827 764 536
324 176 924
176 615 98
308 179 240
30 14 646
151 62 694
478 487 918
365 722 533
666 306 916
536 194 543
304 732 573
515 638 337
132 257 249
225 491 59
162 276 834
697 570 74
656 148 251
299 804 850
510 540 721
2 210 1000
472 358 719
558 532 788
455 89 192
208 389 705
789 851 457
141 612 114
634 376 632
361 667 839
224 582 776
275 279 870
482 247 222
14 705 831
840 738 730
141 652 418
502 630 823
132 690 947
460 422 417
222 762 732
284 842 364
456 465 279
821 565 63
383 513 758
343 273 391
635 484 141
62 530 519
543 222 421
721 481 141
803 752 258
181 343 982
633 65 322
249 239 913
303 546 375
713 739 775
744 186 772
837 513 526
603 66 888
621 663 440
689 21 771
479 34 412
316 199 331
694 441 874
729 223 296
328 211 996
110 773 481
398 564 569
501 123 769
613 457 304
267 769 963
323 126 599
477 302 887
633 403 835
195 24 210
277 241 610
591 785 637
143 266 434
571 709 673
387 471 995
504 712 812
519 428 722
694 109 255
14 386 952
222 589 690
307 103 294
561 400 880
570 267 121
714 773 288
110 408 174
264 715 694
11 676 755
52 522 752
55 174 182
644 700 268
337 747 333
647 263 935
196 453 339
161 255 450
232 562 871
337 752 509
199 686 119
391 422 698
775 123 568
376 68 346
47 39 497
76 543 677
58 684 535
222 755 36
49 462 650
581 134 111
463 828 305
276 823 956
836 759 254
195 509 728
774 11 40
766 664 431
728 64 998
648 444 219
83 293 893
92 655 526
98 195 303
54 518 928
486 755 128
158 845 474
447 451 39
357 507 331
296 495 653
548 70 688
102 52 373
618 169 28
801 135 785
828 61 321
579 260 156
193 683 905
254 152 676
831 817 746
252 397 480
853 445 983
430 492 113
606 287 1
600 561 564
123 326 732
459 436 44
602 762 341
433 440 653
377 617 139
609 306 180
210 498 934
128 451 408
576 704 39
133 407 104
49 474 60
126 757 652
763 842 355
643 221 787
464 434 20
843 826 229
461 225 995
493 210 340
500 63 310
76 479 979
258 169 761
655 363 731
443 417 42
718 496 85
502 605 493
698 152 226
33 39 101
141 833 216
138 780 938
402 303 538
743 26 254
179 242 180
204 784 886
462 66 6
433 634 208
8 10 350
274 684 47
285 408 949
832 112 781
686 598 667
87 125 183
574 688 1000
378 496 949
787 554 548
170 295 790
411 775 174
389 841 354
575 369 245
671 349 924
410 308 931
622 676 140
2 377 470
653 483 593
35 574 111
489 21 874
775 63 181
824 37 195
725 845 375
661 496 373
339 187 291
156 442 433
182 798 289
849 347 109
643 205 652
708 749 22
434 14 412
745 546 840
659 201 929
257 818 499
700 181 289
625 229 794
559 165 961
236 740 579
834 449 898
466 811 517
306 614 936
62 330 26
619 211 987
769 839 289
125 699 665
324 729 550
616 157 43
815 262 668
42 211 287
705 130 861
628 159 456
482 182 960
586 478 354
120 146 923
269 692 677
824 788 327
704 534 694
435 724 749
305 408 339
388 512 556
183 355 895
330 342 486
319 375 85
449 457 3
784 535 708
441 704 741
329 318 580
763 781 508
709 721 311
197 425 916
585 807 986
612 770 286
322 370 444
247 840 235
328 775 647
163 183 755
402 685 319
804 164 454
730 494 379
846 246 882
41 34 168
267 135 338
416 370 864
392 674 547
105 732 546
8 624 382
540 22 104
34 88 206
720 837 952
736 170 508
508 113 735
289 439 449
788 568 548
45 378 159
224 24 88
406 501 301
15 595 193
412 45 971
510 407 529
366 85 871
187 500 99
70 131 928
668 68 144
321 587 716
788 538 768
572 199 126
640 536 264
796 849 82
311 46 842
194 362 732
816 107 133
418 112 705
637 54 933
32 563 878
625 208 653
9 842 582
433 98 329
102 295 788
225 309 817
734 87 600
546 228 17
177 503 288
103 197 807
772 364 176
34 640 531
562 725 400
673 746 808
150 716 466
753 824 443
809 816 721
670 180 339
348 837 912
668 93 932
569 386 48
47 719 979
246 432 136
507 739 737
121 632 737
441 524 878
828 159 110
266 585 895
628 288 264
777 542 220
261 634 827
717 146 544
63 243 742
467 501 987
591 712 403
90 690 862
38 449 200
537 40 74
448 467 860
223 547 525
486 93 736
139 198 3
437 353 220
115 665 304
96 774 627
476 672 126
158 817 334
539 558 700
714 621 193
843 178 957
397 313 523
637 590 325
42 510 91
430 105 579
697 458 711
33 173 760
852 380 867
688 117 71
439 88 805
433 250 543
24 690 341
596 111 376
812 730 242
212 36 81
610 224 30
826 813 92
378 323 162
804 475 62
320 602 197
801 147 435
500 457 942
383 622 138
441 115 154
108 377 967
203 710 200
96 709 904
747 550 101
751 756 766
111 762 461
301 114 237
622 392 660
572 725 442
245 393 980
573 388 820
641 421 705
179 626 579
329 531 745
548 445 5
355 146 102
9 505 393
182 458 584
40 424 345
428 502 652
332 811 298
792 497 218
638 168 417
243 244 9
543 286 205
155 145 63
820 106 617
172 251 529
680 162 386
506 165 301
338 291 936
787 695 574
791 13 15
679 276 246
684 768 778
716 520 681
114 685 156
666 481 972
61 644 444
477 48 422
394 614 992
496 70 667
654 115 77
210 572 792
715 636 515
837 737 248
249 750 35
729 377 892
497 821 561
674 753 131
145 123 646
555 383 285
594 327 168
63 811 226
556 410 225
207 643 350
685 790 552
172 588 531
566 649 291
126 59 78
700 715 987
125 842 966
497 478 163
622 523 669
116 746 620
204 751 712
760 501 197
510 356 472
646 532 118
168 772 609
464 643 922
88 842 359
344 428 407
511 782 195
614 1 951
275 837 998
524 721 526
27 538 653
237 84 953
844 143 280
632 424 26
591 209 327
375 104 335
743 111 54
1 495 637
518 143 772
542 370 805
144 50 577
487 631 534
203 570 116
764 444 180
292 643 321
261 641 603
815 71 221
5 147 425
354 351 648
782 640 199
510 334 70
305 456 560
331 798 567
719 415 267
814 19 908
560 543 597
305 80 203
143 591 422
667 637 238
549 809 393
365 169 588
569 645 699
389 181 116
605 140 430
736 190 22
732 79 778
675 712 391
112 369 549
113 748 982
822 586 875
111 620 38
257 546 692
812 771 339
696 620 608
283 628 140
398 480 742
358 180 814
504 417 954
230 792 752
633 511 356
216 663 768
46 721 703
565 60 769
138 343 768
821 95 111
155 249 521
86 136 380
663 595 438
519 327 489
116 39 933
213 88 786
258 183 987
21 774 762
59 675 151
310 715 648
185 825 724
451 279 833
131 292 623
797 168 437
725 68 355
653 189 409
384 493 596
783 393 935
272 844 169
151 254 909
309 346 345
689 325 174
624 446 467
171 92 924
549 512 176
410 692 485
114 387 549
148 640 132
256 795 640
2 179 913
654 37 421
348 604 754
401 338 689
362 818 115
162 48 346
37 792 340
367 614 620
213 42 868
533 3 40
692 476 599
803 376 326
696 362 922
339 540 534
774 175 576
462 807 800
49 170 828
355 669 1000
508 111 444
207 499 945
136 281 260
36 267 546
180 498 371
21 32 319
239 6 914
505 40 607
515 310 869
239 737 636
731 782 528
442 803 703
11 785 238
670 397 411
589 141 109
506 301 672
235 680 145
637 686 390
534 400 222
541 74 972
736 100 852
115 93 418
367 484 484
161 455 414
34 720 29
776 330 311
646 627 308
363 383 650
174 177 372
430 445 163
837 106 802
169 607 894
245 575 283
589 729 948
505 392 962
767 239 806
92 281 578
112 17 448
691 852 623
355 499 8
669 662 184
472 133 851
78 500 400
335 806 968
38 492 163
733 352 957
224 606 744
811 778 770
814 130 888
308 781 555
95 30 742
520 366 615
39 366 515
106 17 718
278 89 68
767 470 852
257 420 771
477 128 736
563 83 59
70 579 709
40 276 185
828 32 892
231 553 959
340 715 116
722 191 63
838 655 66
353 508 420
823 787 733
322 667 67
323 345 475
577 132 957
79 5 126
223 508 807
222 599 361
11 33 21
441 325 732
435 514 261
617 447 437
253 407 738
669 130 406
368 828 50
656 797 716
487 833 164
562 150 995
652 43 772
366 126 626
188 115 478
698 709 844
246 800 349
835 412 123
826 779 697
418 759 974
632 437 636
591 638 318
139 836 974
68 351 35
301 89 627
377 482 773
310 522 528
364 203 656
778 601 261
465 401 394
116 87 228
500 558 904
107 14 757
214 226 537
445 94 612
778 445 954
233 830 843
826 344 670
62 746 460
47 554 188
417 195 261
517 57 754
175 57 62
7 106 394
697 319 384
15 685 109
171 445 418
495 683 52
433 824 247
125 361 966
578 213 44
373 756 863
422 828 631
197 513 892
2 832 621
319 733 624
566 614 455
97 798 871
547 7 991
617 476 119
74 726 645
576 288 559
636 266 282
595 108 794
171 445 56
122 510 586
62 16 25
49 491 502
783 525 247
484 652 144
651 92 190
112 464 847
549 58 954
757 291 600
461 712 886
463 161 564
575 66 677
449 536 500
470 811 761
55 766 108
259 577 263
415 398 862
73 623 905
554 656 844
668 164 635
760 138 378
30 383 454
560 174 620
433 788 304
63 777 430
54 612 690
846 746 540
655 155 308
592 106 753
785 257 343
272 572 678
600 648 351
540 538 168
497 671 740
725 708 124
326 425 39
163 642 986
712 688 64
280 762 724
790 546 322
185 750 62
471 503 281
808 402 176
731 775 177
851 733 340
693 321 14
110 760 795
764 88 771
247 321 432
597 470 801
187 322 594
473 421 747
835 204 918
281 475 407
459 404 376
300 602 924
491 16 761
732 423 161
105 158 8
144 484 160
451 584 440
78 721 837
633 46 48
481 589 221
283 255 325
423 97 28
403 437 205
511 356 563
562 463 993
670 139 814
520 445 545
782 512 261
675 35 106
35 665 341
374 78 938
245 619 644
428 707 176
566 234 291
158 640 329
166 351 898
127 790 96
678 680 982
109 95 577
805 362 237
27 344 148
123 777 132
217 733 463
34 14 470
54 853 642
544 304 669
566 665 221
321 87 857
141 684 853
840 121 118
307 356 858
529 237 349
337 312 527
437 457 492
258 541 665
636 533 685
347 632 74
27 667 956
510 98 335
516 94 574
629 37 875
123 55 540
458 761 214
511 461 280
375 154 747
233 763 435
38 790 608
91 79 783
59 487 317
734 791 515
38 698 993
351 690 586
537 735 536
591 202 291
345 16 246
752 810 682
