1000 9916
671 508
926 187
340 442
916 501
310 908
591 565
299 413
816 769
545 453
733 708
666 269
665 604
467 828
802 351
109 399
632 664
338 947
229 566
105 760
344 288
184 137
437 729
386 605
276 729
388 499
263 547
528 798
321 48
48 840
726 601
640 652
855 197
2 184
316 781
267 548
942 553
924 904
212 334
530 215
217 240
648 22
244 735
78 967
481 801
156 789
250 427
338 503
505 167
420 17
154 485
928 480
31 953
126 505
274 586
995 748
211 93
658 996
399 810
550 734
255 172
438 836
321 307
139 345
577 706
845 695
681 686
961 686
180 810
14 858
418 867
935 906
573 505
442 290
334 55
600 393
339 479
400 824
966 712
146 793
917 508
577 879
707 968
764 559
820 745
309 364
261 393
941 279
634 842
708 181
780 618
200 356
988 709
845 76
938 446
168 962
647 474
309 191
259 902
373 554
228 33
714 653
782 502
865 908
39 323
477 380
65 836
906 306
859 382
630 575
901 125
133 131
464 742
913 443
393 302
821 822
976 321
136 8
134 759
728 418
303 164
238 587
153 715
682 136
70 768
715 125
636 985
485 995
948 461
252 978
683 312
240 374
973 782
338 834
277 991
18 649
115 695
444 147
50 54
657 486
219 661
382 867
573 202
511 145
304 437
638 432
70 204
770 142
845 714
701 870
408 499
651 401
135 768
762 372
582 171
72 800
965 893
805 920
760 141
478 688
858 742
21 218
849 425
600 581
647 177
747 278
305 319
694 307
509 55
337 238
963 334
11 109
917 129
521 680
51 825
233 958
180 723
966 982
328 838
590 98
10 62
926 96
855 74
987 114
368 994
4 528
191 66
745 495
398 296
117 858
116 643
329 874
42 385
60 266
687 595
246 737
266 66
251 29
913 498
713 800
532 364
267 231
148 781
721 349
142 79
952 215
311 684
38 44
501 334
598 84
56 379
147 445
761 570
706 461
47 71
565 390
913 173
236 124
721 864
974 434
377 434
605 618
58 991
923 229
583 183
197 264
35 485
537 619
439 351
832 57
946 17
692 605
107 23
30 10
145 758
682 624
277 273
101 765
448 929
238 690
141 322
788 899
754 901
79 10
350 424
944 641
852 266
12 241
824 983
607 608
442 178
694 364
235 393
954 201
257 111
225 403
188 513
172 126
374 892
50 542
971 902
680 441
292 551
721 723
759 831
580 146
589 348
989 450
936 722
318 690
162 134
200 301
309 469
462 749
319 44
693 383
142 751
938 575
411 538
11 452
765 349
103 858
426 53
982 198
345 131
164 833
769 545
593 485
338 605
937 652
151 954
924 250
543 896
821 878
200 888
863 487
874 8
338 750
156 899
284 200
602 383
251 263
806 77
130 738
294 817
333 789
448 449
122 24
681 245
184 443
187 620
705 239
818 774
801 572
236 503
623 773
771 184
101 831
182 592
594 624
128 615
672 766
909 191
378 723
508 646
749 576
254 358
805 894
170 817
202 312
939 1000
463 478
491 993
19 950
866 751
721 246
10 547
275 799
846 260
685 250
334 472
618 175
984 525
931 6
491 527
469 867
793 41
395 453
552 704
989 437
537 44
760 931
614 2
176 244
651 101
390 203
590 90
574 639
42 660
703 857
650 87
544 958
842 875
518 102
392 266
324 633
661 422
539 738
285 795
801 35
973 499
773 205
901 24
578 439
271 304
493 896
792 457
132 106
117 564
248 768
339 614
800 980
711 262
839 461
59 88
653 649
61 820
17 431
199 963
668 348
111 722
803 162
965 536
268 376
606 266
598 5
780 152
465 878
764 501
269 98
217 401
199 737
535 395
738 117
350 343
5 952
877 628
317 886
766 607
623 910
24 906
64 411
528 166
651 810
540 937
308 798
353 947
425 606
447 537
70 368
555 976
330 453
484 535
344 729
399 715
811 763
629 144
386 450
871 247
504 287
291 323
812 231
543 81
102 899
858 549
552 397
239 238
774 303
500 762
341 698
984 775
769 429
384 973
77 80
119 501
979 524
618 308
254 568
792 105
264 642
372 675
513 977
190 147
929 1
488 463
90 15
387 895
816 701
66 52
907 598
892 136
360 777
169 679
821 132
65 467
831 915
901 124
82 810
677 453
570 631
230 793
801 297
344 779
246 119
644 161
442 889
50 322
13 846
770 587
670 993
644 48
903 805
654 233
341 306
969 761
736 732
238 682
47 384
178 113
770 877
255 109
683 760
832 222
616 677
507 322
446 870
312 537
89 555
698 763
934 523
773 731
421 684
874 746
139 503
732 942
70 205
286 884
206 753
221 175
314 883
527 862
452 516
412 848
552 491
383 751
921 186
25 109
372 92
525 264
249 655
875 847
897 929
575 583
224 987
477 487
650 555
798 483
608 945
898 269
811 628
647 138
906 768
231 521
824 649
586 1000
552 664
419 387
314 183
20 215
603 359
73 516
276 239
977 46
858 347
162 210
897 365
627 26
651 826
265 203
375 224
860 620
788 241
557 460
685 535
959 72
765 297
755 495
317 280
963 794
472 312
275 252
683 139
42 17
939 293
906 422
48 898
568 185
403 672
249 412
268 546
325 543
74 273
297 118
192 844
123 292
839 42
127 276
75 185
606 532
779 775
691 467
505 100
72 641
127 229
679 530
791 948
575 589
635 318
891 680
88 628
273 303
610 112
719 406
919 80
960 111
541 734
18 637
165 762
44 509
301 490
175 433
253 913
415 102
435 604
720 970
537 644
511 457
583 987
867 609
190 88
304 289
858 840
419 240
261 669
776 655
403 532
543 604
488 941
589 633
956 424
870 98
968 486
141 692
438 478
387 780
500 643
963 301
831 800
859 844
831 482
104 891
417 66
111 88
630 952
702 533
884 344
320 819
212 769
171 995
642 524
461 266
66 346
637 145
765 348
125 563
355 455
483 191
673 83
30 688
398 436
699 675
756 944
5 126
192 539
190 58
1000 482
821 252
317 732
147 997
356 50
356 476
479 88
110 660
322 261
51 321
933 867
184 350
48 829
36 634
551 261
277 880
648 124
407 98
853 414
325 789
370 958
614 741
279 164
781 226
438 975
178 392
40 441
518 723
478 623
481 217
666 248
305 11
378 579
642 394
699 327
899 265
780 53
510 175
849 615
847 244
922 221
543 239
595 249
91 292
571 254
457 946
632 877
208 504
102 748
463 967
179 465
390 429
197 944
272 521
343 488
405 803
713 466
626 629
148 123
770 925
68 818
253 362
200 330
881 658
661 308
555 337
671 399
354 485
1 783
483 219
548 809
643 835
905 92
178 518
786 841
77 576
134 521
799 989
454 106
982 461
754 292
437 584
547 971
960 747
246 456
191 601
730 269
269 191
18 897
401 15
228 358
632 999
127 315
28 298
624 919
990 106
758 454
544 200
283 412
875 294
549 937
217 400
524 460
809 180
188 23
26 182
779 988
412 943
567 533
58 519
304 395
983 709
407 798
888 313
671 888
417 605
469 780
675 901
755 54
373 416
783 927
897 836
497 664
85 584
561 471
435 946
993 876
334 518
188 714
263 152
985 812
486 291
663 188
256 106
440 759
711 899
733 915
638 816
419 708
833 642
963 3
437 488
858 102
825 87
539 705
430 106
593 300
208 846
816 525
982 126
341 110
694 546
199 128
772 488
630 428
920 539
392 407
66 215
182 539
637 151
558 680
351 234
283 90
47 173
212 260
308 703
648 52
409 480
995 446
491 253
514 319
610 109
353 252
704 124
1000 773
837 213
328 430
842 998
572 145
918 397
315 184
887 1000
67 971
250 479
801 965
755 630
344 918
867 580
906 604
46 427
880 969
241 974
666 124
577 559
816 417
245 383
107 728
617 318
595 63
7 469
543 167
728 604
515 414
348 373
242 720
205 476
479 653
964 31
33 683
569 585
607 957
955 308
405 859
785 789
668 468
238 463
954 900
738 815
501 871
889 161
693 281
363 585
767 648
772 904
76 301
556 999
299 86
980 967
216 664
323 348
146 319
147 234
260 331
831 60
856 936
412 158
716 364
865 942
440 207
756 605
80 214
317 279
816 602
891 254
123 104
69 812
957 589
55 851
995 140
105 694
344 282
455 510
170 378
448 328
212 273
88 799
469 174
656 440
860 977
341 356
680 690
666 621
300 739
496 826
100 733
508 926
837 466
59 396
397 109
5 622
108 215
606 82
600 7
601 370
287 261
179 900
842 76
365 849
444 988
22 82
461 530
188 846
905 818
737 198
178 372
219 608
92 274
475 410
934 647
775 641
63 691
870 769
266 915
505 679
606 799
383 642
332 656
116 15
559 655
799 156
71 801
185 914
774 458
704 434
188 515
724 957
988 20
107 597
881 826
168 751
977 367
81 178
928 853
301 941
340 821
676 655
471 29
78 225
497 787
924 560
137 322
628 24
489 695
641 210
517 943
129 998
647 284
68 765
493 120
428 741
964 567
695 673
218 809
791 535
8 446
485 758
749 105
682 34
263 308
705 963
248 658
339 573
302 435
963 535
656 707
700 706
313 686
213 845
711 66
490 578
400 358
532 727
191 758
250 158
936 455
577 427
34 88
338 417
732 625
646 420
97 782
303 658
700 6
793 668
2 176
634 270
227 940
157 797
213 641
749 975
97 801
315 81
228 662
267 466
676 126
533 979
761 266
717 495
205 642
154 832
728 613
918 336
524 436
556 363
295 401
429 331
323 984
487 597
185 799
777 739
162 57
772 802
202 854
132 641
217 504
369 754
580 7
950 433
294 437
721 991
996 215
337 982
108 919
316 708
333 354
47 596
993 214
802 491
948 687
737 788
982 908
544 670
950 578
256 634
755 422
761 805
998 894
657 546
420 600
761 158
591 965
123 385
175 379
878 275
146 184
373 841
321 934
236 55
644 94
493 672
832 470
967 440
18 785
667 388
743 401
725 134
876 118
880 113
130 486
519 768
120 710
482 821
615 833
818 955
122 284
710 245
527 545
895 10
638 411
361 717
849 672
940 761
101 563
736 439
24 573
310 257
980 239
651 455
634 661
874 278
125 286
549 492
850 527
957 919
965 58
979 103
283 840
344 585
43 420
385 732
45 206
875 643
694 197
197 915
751 284
823 995
475 17
457 574
167 895
560 153
944 56
11 211
621 768
223 548
722 133
199 254
263 441
301 518
452 502
661 230
55 571
325 326
846 802
742 979
85 564
697 178
494 462
61 555
298 943
225 901
895 763
324 69
432 680
511 556
574 995
540 814
541 3
542 356
484 660
206 185
345 106
623 379
990 666
592 229
223 9
212 766
284 131
412 456
346 580
867 58
41 696
299 582
356 573
286 940
170 438
839 64
625 252
340 9
69 437
930 547
554 835
536 714
277 536
170 584
340 120
692 981
605 436
1 558
60 15
372 687
572 890
305 880
389 947
876 233
36 992
434 661
993 811
172 352
429 207
579 377
769 986
898 118
349 408
796 601
301 21
469 133
982 884
811 553
224 110
558 71
154 777
417 489
549 384
112 691
707 536
889 989
546 390
432 42
470 598
20 801
940 914
483 713
176 47
840 6
513 224
970 557
256 119
833 835
814 766
718 90
849 217
742 876
416 508
570 213
954 884
560 483
155 921
263 562
678 599
294 332
431 685
968 535
227 325
330 560
79 438
557 603
669 33
212 572
85 298
434 136
986 167
56 32
440 191
367 620
571 841
501 474
215 552
700 584
316 833
133 373
222 431
297 116
83 551
107 85
946 347
250 60
748 851
749 422
930 768
914 253
734 266
39 988
444 108
526 22
218 641
61 213
192 108
47 422
72 530
96 110
400 25
631 864
33 272
558 790
575 988
762 181
563 956
601 369
69 203
162 222
292 110
370 890
979 172
857 520
533 589
805 808
457 458
645 831
906 625
802 574
380 534
842 303
183 117
791 378
842 446
935 591
370 431
222 660
888 80
727 489
174 475
693 553
93 665
499 222
524 373
690 589
508 144
517 652
457 432
503 679
851 418
86 701
169 766
987 34
769 491
294 398
828 946
298 837
480 544
7 879
871 620
251 879
879 97
150 797
47 691
375 185
413 421
930 241
590 287
132 339
474 872
405 705
798 808
730 98
638 555
289 360
57 244
555 21
388 116
961 350
686 925
997 167
739 833
42 243
189 352
126 561
618 974
268 625
469 208
1 938
273 973
754 318
347 764
352 962
265 673
798 597
666 566
402 378
44 927
226 86
636 941
305 589
630 183
123 691
97 860
391 424
235 42
842 30
625 486
573 158
598 563
265 893
50 253
107 500
843 440
239 531
24 544
386 219
978 353
481 223
600 147
709 479
656 229
676 232
741 974
906 533
583 469
945 249
448 575
417 544
723 60
512 595
755 847
276 476
668 942
651 184
725 755
50 513
779 92
138 428
910 774
702 184
737 458
8 944
104 857
659 627
706 800
717 409
259 769
2 714
670 17
599 917
102 599
643 935
102 550
15 501
398 487
219 326
95 827
331 790
66 47
489 972
420 714
664 360
169 974
78 702
834 40
786 839
632 779
778 675
874 924
213 14
809 783
682 7
739 202
9 887
286 945
929 832
861 547
240 51
298 415
523 842
999 917
620 334
93 458
331 477
792 793
334 972
425 784
409 443
43 430
688 91
161 894
900 263
47 786
301 270
726 529
892 777
70 85
628 615
644 780
478 446
176 760
799 416
787 764
884 824
442 279
545 183
926 573
908 24
602 773
73 465
880 943
384 388
681 658
637 561
496 823
813 38
906 664
9 790
319 429
637 674
747 302
915 427
805 706
662 181
700 533
6 809
784 376
655 692
33 653
91 435
310 211
461 29
335 516
950 483
110 380
720 464
444 924
232 138
655 586
693 259
713 605
916 38
851 715
158 289
721 75
78 504
766 152
467 879
839 66
979 743
574 888
850 512
513 752
199 237
56 5
682 217
864 684
194 495
30 537
87 600
414 760
520 61
702 111
152 903
942 990
624 727
142 230
536 557
518 653
80 409
868 450
412 58
62 489
359 713
568 510
92 964
633 728
313 783
874 658
328 824
161 937
952 908
917 902
442 614
689 751
136 761
906 950
383 37
494 902
939 791
657 474
605 292
201 934
64 506
818 47
897 644
491 797
408 503
792 742
101 598
766 344
268 163
179 584
303 843
482 868
839 677
533 778
900 831
154 953
980 845
340 940
822 504
805 742
120 666
172 37
216 973
837 277
965 480
203 761
955 310
774 270
450 306
323 32
632 341
725 965
462 661
432 920
807 291
132 489
363 14
828 777
467 922
161 47
43 79
134 282
13 683
859 305
252 479
968 536
143 24
240 447
151 573
526 987
718 83
472 802
75 463
293 284
169 774
385 833
631 242
318 161
356 508
284 113
192 150
916 638
49 889
727 16
655 823
796 391
175 126
16 452
837 858
773 381
790 553
376 408
174 834
123 203
647 340
538 417
748 464
177 412
909 6
841 336
17 150
736 618
645 540
26 236
1000 867
529 243
235 222
992 947
631 558
93 5
343 556
918 94
687 471
871 90
649 365
413 606
15 830
326 981
699 275
775 784
44 286
851 214
61 198
214 682
222 661
618 198
671 80
760 291
958 644
301 939
12 418
72 397
312 508
955 338
295 205
261 461
341 639
837 666
731 139
586 666
695 364
788 434
238 489
977 152
988 243
160 798
669 147
86 15
149 635
125 619
878 27
436 234
455 190
898 963
265 454
565 83
714 703
770 23
496 132
976 382
151 950
816 420
173 794
874 953
247 169
194 471
655 70
714 526
863 483
810 253
830 248
174 636
51 243
716 199
455 365
355 297
264 6
143 560
535 754
437 787
60 210
653 835
393 358
433 480
896 984
549 946
310 402
175 666
299 706
141 128
624 76
112 304
980 129
857 762
563 776
343 560
420 303
519 589
461 645
552 422
861 420
214 694
654 659
968 438
187 933
149 73
960 947
6 834
542 912
300 43
429 347
93 764
3 652
480 751
12 582
950 4
536 376
647 92
616 559
228 212
768 923
343 229
284 757
12 676
159 535
264 889
764 196
121 958
640 500
54 410
171 218
281 814
356 342
873 964
749 434
507 194
217 289
636 470
833 374
449 77
801 144
655 53
658 379
967 775
421 239
756 774
460 331
777 415
815 435
691 705
229 642
982 448
551 341
661 757
193 357
722 773
89 384
416 848
331 335
648 27
460 553
800 182
585 672
414 165
735 942
277 514
559 156
562 336
196 982
841 415
507 767
970 253
734 82
916 175
424 217
614 644
447 807
782 740
842 51
382 840
893 580
325 40
734 140
348 764
495 920
760 263
559 355
892 1000
749 945
384 389
277 198
794 80
494 806
463 303
447 618
668 693
111 729
628 437
442 118
978 100
29 598
600 398
656 480
43 94
6 814
430 638
470 955
253 41
263 24
366 888
828 533
426 437
384 871
837 705
713 499
731 841
447 105
152 451
508 72
185 27
424 829
702 464
264 669
997 156
156 492
601 606
473 272
716 756
879 152
935 90
494 254
844 144
155 733
268 980
342 173
678 779
556 691
722 711
687 555
725 356
468 755
30 542
142 116
900 160
479 413
282 635
122 890
56 356
165 142
66 431
868 451
28 154
783 282
386 860
616 395
322 618
911 710
184 631
611 176
284 375
523 966
709 739
840 878
221 393
667 19
406 101
101 883
247 725
468 294
953 962
625 429
58 550
211 10
885 83
813 726
83 445
881 854
529 167
527 692
510 8
628 747
595 482
957 727
137 798
17 559
162 699
328 143
535 254
131 748
831 647
262 390
447 654
448 632
34 481
72 180
733 161
970 725
440 952
957 953
111 472
103 361
253 92
572 720
650 678
564 800
910 844
809 560
163 829
840 420
100 320
639 60
786 697
822 27
457 681
99 520
697 395
873 209
158 243
453 829
800 596
154 211
530 709
440 99
424 936
556 881
66 485
673 75
625 697
364 642
39 410
796 311
542 311
891 243
468 672
682 186
605 978
973 634
668 232
892 398
721 541
143 686
344 674
67 728
136 440
355 268
818 652
359 748
929 621
292 315
365 411
724 294
669 611
287 480
415 703
896 474
719 493
630 216
731 839
606 81
757 203
739 368
856 180
343 958
606 992
623 962
39 760
135 978
480 119
160 410
619 4
182 282
591 106
991 972
776 691
689 214
46 309
174 366
811 711
558 464
542 949
616 302
963 384
288 228
785 724
789 4
632 198
940 7
486 262
437 11
738 974
958 999
760 874
778 73
87 223
824 391
822 150
294 287
314 425
797 428
284 257
925 8
6 217
679 25
247 59
801 139
181 857
208 777
709 871
691 740
503 322
146 83
239 938
450 765
970 484
844 269
648 96
209 770
526 65
703 685
183 614
247 639
359 353
948 449
879 449
582 700
291 878
136 312
615 602
121 197
193 592
913 831
572 84
974 928
117 177
889 200
36 901
145 614
537 356
373 456
304 193
968 296
549 501
951 33
721 902
672 768
694 333
508 464
305 750
438 15
370 465
614 180
542 913
263 176
323 989
785 688
695 173
427 939
721 835
172 893
397 923
582 688
659 629
200 334
683 267
336 126
744 267
164 908
403 32
261 194
246 512
963 952
802 486
698 311
972 954
900 728
646 191
578 257
426 18
742 532
467 706
858 49
713 786
620 88
916 721
118 505
439 433
218 259
312 836
41 266
369 181
632 781
104 47
975 227
929 715
606 493
886 877
354 178
502 122
816 770
566 691
606 380
703 510
505 183
692 845
605 572
397 87
305 949
847 739
758 474
939 668
390 800
905 540
890 66
664 401
840 883
602 638
676 473
218 839
957 464
942 380
749 654
608 622
258 65
779 545
193 572
547 477
361 690
968 994
899 472
596 118
303 544
586 140
897 815
275 879
771 786
408 268
870 204
687 398
871 157
426 120
286 301
894 198
313 307
827 27
461 825
410 457
396 676
860 65
842 500
116 241
32 730
802 838
271 697
937 949
258 564
723 312
559 934
29 887
33 380
534 736
702 582
501 911
341 566
498 115
688 143
952 372
475 673
355 855
303 479
659 367
53 132
919 530
720 143
631 379
744 5
782 363
877 311
694 695
678 776
332 460
649 22
686 113
617 426
335 689
887 51
65 120
925 274
783 244
98 557
222 438
260 151
155 107
467 429
821 978
145 81
350 795
5 741
42 232
174 804
504 492
506 252
572 335
39 906
147 805
429 810
643 140
738 18
792 998
425 643
210 667
102 405
255 767
308 840
131 817
727 883
747 81
305 966
591 27
487 760
310 369
424 323
645 728
44 421
997 537
64 363
999 127
68 291
451 445
469 812
254 50
359 630
89 889
771 927
194 760
909 565
146 887
328 110
465 43
176 34
215 131
17 468
295 299
68 999
34 51
896 154
349 970
885 680
882 158
632 393
471 68
778 37
542 26
153 692
730 794
693 150
548 655
164 964
695 552
437 456
275 37
190 176
872 39
640 445
78 581
83 861
797 913
415 890
930 458
859 336
792 407
333 521
392 37
204 2
285 599
451 926
109 883
40 902
123 749
95 160
904 47
84 343
123 315
27 49
209 950
468 101
685 964
93 304
519 820
408 648
505 829
106 941
434 996
383 475
593 648
314 368
550 391
302 87
843 139
236 687
183 848
629 384
261 998
642 400
887 968
11 707
177 223
433 53
549 335
571 267
622 591
405 455
978 267
427 531
248 20
692 994
609 45
645 845
885 328
465 373
393 528
714 352
770 398
862 568
884 16
263 79
49 199
8 613
417 379
789 3
617 772
195 186
89 641
418 135
759 938
137 757
163 937
542 8
314 455
423 107
814 326
941 746
873 204
584 441
858 312
217 688
234 638
380 75
882 130
789 854
403 7
217 479
522 115
171 99
246 549
765 343
12 785
215 890
474 176
544 993
484 485
403 4
440 239
285 793
269 436
640 264
53 940
458 511
959 841
514 884
482 88
782 125
109 855
56 285
832 462
795 242
373 994
951 975
588 779
743 617
596 957
1000 931
843 351
827 562
19 625
115 708
296 42
838 470
909 141
605 505
236 380
45 802
266 593
999 161
691 208
381 522
36 59
398 664
884 807
22 114
961 554
11 751
177 251
71 739
129 376
992 192
296 727
82 184
603 998
879 605
954 260
367 297
258 271
279 615
319 394
49 146
509 8
349 401
149 87
99 788
79 266
933 525
728 536
747 468
694 253
200 145
41 14
606 537
607 864
396 999
825 755
660 333
269 725
629 585
725 778
853 109
986 294
91 118
733 571
113 658
241 946
21 367
171 62
431 512
548 624
800 622
589 92
711 780
613 86
116 594
427 217
603 64
589 45
593 426
96 654
833 475
773 679
924 822
544 281
90 420
643 838
114 307
510 985
683 185
812 611
284 4
857 382
999 544
215 636
364 858
807 856
317 460
681 731
598 39
857 239
288 190
914 30
14 859
430 260
910 18
53 611
716 229
763 322
691 481
250 115
288 412
776 448
663 378
683 517
961 891
361 919
343 771
899 61
633 803
814 328
173 448
410 18
601 317
808 97
519 909
280 570
600 195
853 671
328 262
92 295
793 892
581 229
139 350
132 888
914 644
224 905
757 273
496 810
81 988
278 726
564 991
102 42
197 782
935 528
484 382
547 24
90 981
989 403
655 502
341 580
826 48
354 817
337 933
580 103
466 579
676 594
539 934
242 26
7 944
708 195
251 808
270 354
454 655
113 783
846 849
816 804
618 720
332 126
906 317
251 118
554 267
185 356
707 299
673 399
985 397
783 70
270 47
226 113
492 139
844 112
317 464
598 67
704 999
428 975
571 949
143 340
887 419
122 235
731 607
553 339
863 74
529 668
47 25
821 578
511 108
113 437
925 932
571 512
4 435
366 231
818 91
265 809
514 352
629 427
61 431
581 328
728 916
590 574
511 467
405 418
983 597
31 184
916 827
560 972
278 771
228 682
546 531
638 149
605 116
92 41
644 128
757 297
426 629
724 934
488 966
824 800
567 56
915 715
110 573
550 814
332 591
813 152
997 843
798 372
51 913
234 377
665 417
738 697
759 961
523 15
964 171
202 874
849 221
940 172
543 337
581 686
12 671
750 367
785 921
163 541
976 216
81 388
300 558
228 125
673 216
157 39
233 705
114 68
649 343
206 524
134 281
119 245
212 969
378 433
485 507
53 231
369 18
665 541
7 698
378 288
743 305
554 495
385 838
770 242
57 958
131 451
799 912
946 452
29 416
142 648
621 70
895 571
312 748
23 326
481 267
597 173
818 650
212 397
914 249
45 539
562 647
304 667
732 763
770 984
143 590
992 616
828 198
331 486
648 420
23 36
80 678
389 714
230 744
250 282
676 274
456 693
735 881
154 36
260 712
192 270
845 743
992 805
573 344
387 711
559 293
121 265
193 660
41 584
996 740
451 297
897 903
1 202
862 569
793 86
757 269
405 152
393 608
600 584
249 542
489 15
508 317
733 820
258 586
614 25
708 470
123 77
256 87
476 275
501 981
301 569
267 873
987 522
402 656
440 291
727 754
432 903
825 944
94 751
663 892
134 362
816 797
929 82
603 103
142 865
933 698
310 555
159 776
21 556
982 217
655 173
700 778
593 478
464 278
172 735
321 179
32 458
420 545
517 221
938 34
504 658
14 121
951 808
787 187
710 786
911 794
97 630
157 577
646 495
999 621
360 756
568 441
237 462
400 347
753 835
572 385
791 865
978 936
887 280
504 991
107 202
454 445
304 966
365 526
169 291
939 707
572 231
421 669
102 338
308 769
775 595
978 349
909 777
456 76
510 70
183 36
97 419
387 547
634 378
852 309
288 940
951 35
989 236
115 174
222 741
244 421
392 870
340 624
54 930
647 187
188 572
512 710
313 201
56 578
788 371
680 412
370 350
63 769
841 178
881 938
629 584
990 776
392 467
506 977
91 73
993 661
323 138
860 419
938 341
607 964
744 156
293 767
186 513
351 329
812 717
158 491
164 876
237 82
96 894
319 700
144 752
881 71
19 208
396 969
463 382
283 199
543 877
838 631
199 898
144 527
640 644
473 245
436 495
184 256
791 679
185 874
344 70
425 907
925 558
382 621
773 650
283 402
843 378
276 60
779 978
671 576
692 621
453 95
166 636
903 621
795 364
46 38
358 212
348 986
847 432
552 502
491 962
898 30
629 232
667 967
468 179
874 129
432 436
489 165
257 63
613 742
867 780
428 64
447 740
800 333
567 215
881 884
55 483
922 426
318 531
675 46
34 186
132 723
51 805
638 939
699 805
202 887
189 655
523 162
724 720
11 295
238 420
76 263
189 736
711 239
364 522
906 171
62 145
161 496
258 146
369 117
213 460
15 122
720 16
494 479
977 903
544 302
946 590
337 769
753 88
660 764
774 35
293 501
22 669
672 194
263 905
855 595
915 294
669 197
130 127
969 529
168 182
878 675
957 16
527 866
985 223
255 389
866 106
577 485
539 474
785 16
994 933
719 443
467 122
782 449
438 905
679 837
580 738
52 166
749 513
842 165
917 725
75 734
847 404
723 154
338 132
8 383
577 545
582 306
965 202
842 391
168 325
183 157
242 635
684 358
46 655
207 890
729 783
90 519
111 879
681 940
722 64
82 419
656 879
48 31
357 235
324 484
162 11
916 224
581 796
978 263
293 964
544 910
228 239
764 809
824 494
974 372
647 310
150 778
690 791
360 78
254 686
475 655
226 523
542 427
803 240
820 777
124 174
53 230
555 44
624 403
474 550
104 194
565 123
217 997
716 505
256 551
27 356
438 181
377 751
820 47
624 664
90 268
22 436
653 633
212 287
532 586
825 448
437 906
424 487
78 916
748 840
807 577
191 425
377 442
361 989
412 719
952 940
221 377
24 811
334 520
575 586
526 394
787 602
476 297
791 34
494 934
761 141
891 542
675 733
782 675
589 959
933 285
341 455
102 262
286 585
785 286
238 216
607 475
865 40
880 263
12 233
875 915
605 38
813 473
746 908
784 225
604 482
474 715
864 95
441 258
770 682
279 690
291 256
663 552
76 767
667 685
444 866
817 248
360 381
585 356
551 523
202 828
321 955
176 351
630 947
480 549
544 938
450 133
418 359
627 511
12 787
534 904
494 181
669 111
125 6
270 202
312 60
574 820
453 543
605 898
489 868
129 249
658 418
752 457
364 903
4 48
601 148
618 858
748 797
476 632
468 45
722 940
999 620
729 120
820 289
201 695
677 159
97 998
280 51
123 694
880 75
538 385
79 803
534 726
265 791
286 651
623 882
918 476
814 157
729 395
112 387
679 781
371 398
634 220
528 405
33 809
412 864
641 682
931 451
576 385
116 506
44 367
281 43
552 426
241 799
465 136
667 619
809 85
653 404
396 643
788 653
846 447
224 922
46 711
374 848
233 92
50 570
470 915
678 315
552 712
286 97
380 900
767 616
111 883
457 661
774 202
728 35
48 438
871 574
285 439
570 39
898 750
479 993
915 849
940 260
100 121
731 393
402 919
904 745
403 402
740 169
975 770
501 635
950 580
476 911
599 359
657 548
113 220
852 577
691 709
657 949
790 651
916 562
356 519
782 95
437 962
743 574
635 401
296 349
74 419
728 156
362 486
895 208
918 265
852 5
892 774
931 750
608 609
336 868
121 230
249 921
177 148
825 73
78 570
93 24
991 611
192 375
195 48
13 375
72 781
328 151
291 109
241 938
404 852
97 462
794 92
712 765
34 473
14 803
202 515
976 690
849 580
886 344
392 771
600 402
770 372
521 810
138 768
6 802
153 366
784 440
860 243
738 659
613 261
978 130
178 315
120 972
72 457
163 914
920 55
556 737
834 581
634 851
290 499
829 862
24 155
479 965
579 427
29 918
251 810
493 169
995 443
446 97
817 627
674 220
75 329
989 853
539 710
77 827
939 160
564 307
816 531
221 848
518 356
223 230
852 758
532 448
754 240
185 571
646 440
777 447
890 272
528 883
265 659
32 98
991 114
981 40
199 927
666 528
259 474
101 925
597 120
799 732
667 931
666 865
844 679
916 820
169 489
69 320
71 502
576 188
648 281
667 23
528 319
892 810
309 866
326 192
734 221
754 775
793 685
230 300
303 592
897 671
384 502
662 921
3 268
187 507
558 222
870 796
102 234
620 883
853 152
318 978
279 568
27 515
305 165
750 817
626 265
158 844
850 123
577 977
637 321
949 591
548 246
628 4
410 603
552 759
802 873
324 485
627 196
737 388
864 6
483 591
677 988
489 307
163 910
836 495
730 886
347 298
132 470
224 543
906 253
930 231
808 931
717 45
590 261
775 397
412 149
569 14
481 276
825 116
844 176
873 896
913 172
569 127
312 912
938 76
631 201
708 598
912 687
549 726
803 826
94 333
496 236
60 485
976 294
959 935
891 981
854 219
272 852
285 596
658 462
944 59
74 281
40 905
599 853
140 412
655 271
169 436
649 866
373 956
100 708
28 361
731 810
770 982
37 245
439 289
544 247
856 9
50 64
13 76
175 226
168 11
117 40
10 722
407 820
102 436
784 949
24 970
850 426
939 903
135 974
323 566
767 51
272 232
699 307
572 35
439 116
119 960
500 70
546 706
658 213
323 852
470 517
485 230
830 906
936 957
171 664
68 32
445 376
521 589
721 714
7 71
135 402
156 717
306 892
570 401
474 490
661 70
157 646
869 163
531 641
297 810
287 612
399 350
536 400
756 363
1000 189
142 756
199 509
860 473
419 751
750 504
74 889
328 585
388 227
119 219
817 699
394 604
750 107
18 352
789 565
539 654
136 609
859 433
467 935
753 495
616 154
806 235
311 651
152 964
501 297
138 699
363 312
809 934
25 947
675 781
164 270
221 299
402 391
41 93
705 230
544 164
856 118
766 985
32 904
714 892
877 480
456 580
903 762
31 975
876 152
387 688
201 912
878 954
975 851
282 115
344 936
735 740
850 398
174 172
505 731
433 86
144 399
592 954
383 687
149 995
408 163
727 538
653 403
68 245
604 455
457 954
862 277
165 587
231 760
300 439
838 947
443 121
741 396
923 979
135 445
569 763
769 457
419 720
690 410
333 394
357 260
358 551
894 757
21 733
371 664
838 824
584 295
509 570
5 201
43 906
411 878
677 583
272 325
554 922
597 400
601 981
493 887
955 892
190 937
874 902
794 396
751 660
747 129
754 348
921 847
973 574
764 335
286 955
494 658
868 443
706 266
264 265
874 696
415 738
667 413
136 707
415 371
623 800
852 6
487 93
492 231
532 458
154 949
841 252
148 636
700 33
810 673
480 68
889 232
430 822
892 997
220 158
776 736
562 605
784 155
89 865
880 564
263 3
949 608
406 756
812 216
120 248
451 112
457 551
993 981
506 896
620 716
881 145
258 931
704 671
688 52
634 848
929 318
854 943
768 124
237 897
440 477
436 737
209 224
561 907
758 377
603 48
416 326
517 992
901 321
960 771
872 463
981 755
214 2
390 93
697 36
56 156
19 16
720 131
854 982
291 922
1000 403
294 5
78 668
463 882
824 16
199 120
402 154
701 470
209 684
294 727
602 397
179 500
92 851
91 640
221 625
807 718
33 363
316 811
131 102
670 578
565 424
623 614
801 930
400 165
588 846
701 931
832 184
170 563
585 297
270 589
109 574
992 574
610 101
873 56
575 929
45 726
942 412
265 814
175 311
969 450
109 719
754 772
701 779
116 285
120 856
743 144
836 630
325 803
145 657
681 626
505 109
339 167
582 161
53 724
749 912
456 457
809 459
295 624
499 429
174 343
747 371
788 727
625 787
2 860
976 671
884 56
615 184
599 535
489 16
842 532
771 528
704 477
634 914
232 462
987 174
493 473
185 856
395 600
582 621
972 649
955 445
261 356
7 768
465 201
752 995
714 213
422 313
99 668
263 555
87 167
592 779
801 693
389 81
692 350
974 547
632 619
887 205
892 165
559 946
911 109
90 411
754 130
203 136
385 859
902 928
869 723
655 104
768 388
734 723
403 683
422 197
904 68
762 760
304 944
303 66
986 960
398 718
181 610
899 971
956 680
773 814
723 955
344 706
734 269
365 406
701 220
478 207
652 512
579 736
729 147
531 389
145 450
899 233
407 966
525 159
305 772
554 945
538 474
448 780
378 709
573 228
776 602
121 157
233 443
984 285
602 852
823 380
954 509
44 389
260 267
604 333
269 532
897 875
275 939
936 815
314 911
261 94
909 964
90 630
141 602
14 792
276 455
98 921
376 811
659 894
54 116
7 307
372 351
310 704
370 136
462 328
877 599
896 122
974 295
25 908
579 153
313 137
907 683
637 168
894 553
398 274
954 642
646 212
425 464
133 47
150 903
717 864
268 778
877 778
181 819
591 888
808 413
74 600
455 69
352 874
207 676
27 322
238 806
84 401
781 597
397 332
365 344
920 603
631 93
579 958
528 956
14 495
240 332
226 81
578 250
852 781
140 385
490 439
490 586
970 368
19 516
477 832
294 702
748 61
287 451
14 265
849 914
23 69
270 887
745 399
326 254
662 868
115 633
903 522
616 742
364 904
104 427
16 44
126 347
308 780
187 437
426 903
876 447
111 594
2 994
742 272
166 1000
581 158
399 761
92 125
511 790
922 290
154 840
803 125
381 89
239 367
922 341
632 23
611 377
374 854
547 96
50 568
181 290
77 209
793 160
465 119
29 878
656 664
172 890
673 955
565 765
879 29
833 701
601 649
584 473
769 377
590 211
461 293
746 76
838 825
160 816
414 997
219 351
96 642
705 532
975 780
602 148
584 695
358 774
489 949
678 737
365 26
916 734
539 621
160 30
327 98
754 202
916 589
712 25
739 866
591 973
709 838
265 373
963 618
311 750
866 355
938 916
387 166
924 71
678 82
915 380
384 20
653 784
93 542
285 652
662 550
517 353
207 335
924 357
156 671
387 559
841 385
188 40
999 880
221 464
209 969
304 641
192 218
837 230
69 140
287 197
671 558
845 731
221 65
244 230
995 614
328 153
190 539
295 184
45 36
77 98
288 971
721 631
997 706
840 131
327 847
715 837
665 88
854 932
408 671
863 830
862 903
500 716
949 769
971 713
348 392
521 522
48 340
637 14
1000 973
824 469
424 803
437 423
208 138
651 776
431 544
87 130
471 291
526 730
522 55
6 364
692 379
985 759
754 12
406 977
651 817
933 960
5 445
706 218
911 953
768 441
143 291
56 507
496 194
460 357
62 177
688 704
818 531
274 577
797 418
236 252
179 954
661 787
213 156
195 865
808 404
457 330
900 460
541 430
240 957
382 908
856 47
892 29
397 199
37 160
260 577
834 844
563 936
306 131
851 854
211 13
260 720
482 576
103 48
36 91
253 899
902 871
5 869
906 581
746 772
582 166
161 414
987 530
839 525
184 953
918 228
500 915
15 848
141 565
755 671
202 549
811 721
425 580
560 863
617 642
429 378
679 974
626 720
889 598
46 765
159 294
192 564
855 494
108 817
449 707
951 403
876 986
163 513
574 573
314 415
265 241
67 189
929 74
103 811
329 902
423 160
81 265
66 511
963 740
911 255
215 706
990 604
826 421
494 271
702 208
118 395
605 923
412 6
251 22
14 246
338 878
429 389
489 798
208 814
947 937
530 131
142 197
271 483
96 985
709 943
914 245
572 505
113 452
193 300
819 16
141 4
913 43
736 754
484 462
511 12
350 243
832 133
301 318
763 511
840 688
786 330
700 388
117 54
781 69
175 458
657 447
163 306
934 557
116 370
266 521
853 595
412 799
16 80
415 104
399 887
912 742
516 389
735 531
387 715
238 931
598 777
274 802
197 160
969 223
680 134
645 840
741 547
101 452
927 82
977 898
718 365
903 229
270 738
107 588
955 178
201 391
55 305
478 949
281 287
45 270
340 830
362 658
243 173
814 546
391 695
90 824
401 691
418 243
937 769
702 515
24 166
868 879
315 633
18 444
309 75
826 359
175 967
963 962
234 650
937 547
80 28
6 308
517 840
646 356
977 947
104 289
303 259
4 940
42 251
669 910
998 986
583 840
450 836
473 157
950 921
21 891
584 860
701 142
387 218
28 216
411 192
895 936
696 370
628 885
810 262
942 763
251 369
411 369
286 895
415 665
472 321
666 594
193 441
302 5
196 520
452 658
466 498
931 836
879 890
326 782
546 885
201 240
316 116
838 444
371 256
780 54
139 134
345 925
280 880
301 230
230 212
231 869
713 254
208 498
606 968
233 65
897 16
108 877
516 814
483 521
48 474
840 70
859 930
955 375
404 503
579 291
735 811
284 605
780 634
929 272
267 905
973 12
684 222
891 482
410 947
604 773
20 182
497 135
527 976
302 792
229 856
503 105
413 385
786 925
454 567
204 10
170 118
828 814
691 552
911 55
273 647
368 259
38 937
195 614
436 324
455 40
341 449
490 909
810 216
577 243
902 760
852 947
601 245
710 433
69 567
625 207
958 291
193 379
456 259
251 429
514 631
498 255
231 50
995 826
264 410
728 159
993 492
585 907
457 24
312 68
5 830
905 736
896 729
733 436
164 198
946 772
741 921
406 178
600 375
999 81
432 473
288 861
883 372
663 286
371 284
724 792
743 76
232 566
822 357
228 414
309 606
93 823
349 685
561 461
653 437
177 452
715 603
859 736
769 152
40 711
722 88
508 353
772 888
681 965
431 948
261 509
532 182
335 524
104 814
690 525
233 974
309 481
809 55
211 899
472 641
713 581
897 286
916 46
258 848
878 469
780 749
552 852
848 443
167 37
479 855
65 935
907 754
755 284
406 982
350 932
787 511
378 265
365 253
422 76
617 428
925 379
64 641
530 269
344 264
786 163
74 657
369 843
393 427
359 624
749 40
532 434
990 786
722 992
687 790
139 804
394 967
77 490
71 205
787 868
383 207
254 148
766 900
325 834
640 898
218 690
662 707
403 988
903 687
123 493
93 778
304 579
744 963
363 32
623 838
610 99
477 56
845 702
157 954
230 336
891 630
70 169
657 956
917 608
903 589
830 759
157 811
675 690
496 621
390 691
447 550
158 687
885 540
823 139
149 936
851 194
619 430
175 644
414 324
676 959
93 795
21 238
3 559
611 706
654 850
551 658
272 572
663 512
922 394
67 497
158 984
345 759
767 997
440 669
115 29
371 903
525 723
416 390
294 411
100 478
568 480
307 732
289 121
592 894
591 576
416 356
518 37
685 524
717 187
276 583
852 678
337 567
47 900
507 131
426 31
881 434
630 535
407 284
446 354
416 945
610 963
294 950
193 1
781 384
673 287
378 15
87 741
753 969
939 572
647 775
9 695
231 478
412 340
565 394
861 611
221 708
9 512
856 413
965 709
657 156
452 552
948 437
387 415
457 670
182 576
244 825
743 289
89 524
847 455
542 185
126 140
474 949
516 390
511 498
794 96
633 56
115 445
743 7
214 819
162 726
954 362
738 389
426 707
11 935
399 532
76 647
176 117
698 230
1 126
58 121
703 587
315 666
511 210
393 756
707 164
882 474
495 413
542 862
854 604
877 597
716 597
275 361
202 97
150 699
891 473
229 210
603 461
459 440
739 541
828 826
902 209
116 580
321 404
518 1
627 509
214 137
6 309
669 107
242 444
964 490
938 368
843 696
271 179
536 710
773 221
646 357
448 801
962 6
467 668
963 739
161 301
470 273
218 310
754 164
645 19
702 92
248 813
468 818
658 414
716 104
901 202
636 823
370 642
282 813
411 195
736 800
385 523
34 825
373 925
339 805
302 155
456 583
932 834
187 745
727 979
291 791
548 712
828 86
480 204
23 180
101 692
230 280
716 53
31 857
144 115
932 20
236 649
681 300
884 813
871 481
818 239
680 212
629 31
775 735
462 238
279 524
248 54
121 296
659 958
163 15
866 302
975 436
372 159
673 750
357 845
653 400
271 573
625 985
438 6
78 41
794 358
7 23
837 324
181 288
534 364
964 89
475 518
965 416
148 14
67 463
6 100
559 888
379 853
551 952
65 553
542 197
229 246
547 721
73 858
549 295
703 978
265 8
307 901
988 532
590 320
494 341
781 661
854 437
603 247
986 245
643 844
510 963
167 358
502 851
503 142
469 10
90 337
938 3
796 485
692 54
394 849
588 71
577 242
460 466
299 596
109 16
863 92
406 375
467 263
322 542
862 156
832 351
601 406
657 100
948 621
715 426
329 251
511 199
990 652
803 795
945 417
598 485
508 847
442 942
757 140
79 944
481 129
12 79
673 363
575 274
895 50
770 191
274 974
295 760
150 197
450 676
596 125
292 972
35 135
448 371
130 177
171 967
153 80
357 784
340 546
663 654
421 879
25 14
79 327
818 501
144 604
548 222
695 25
71 995
370 492
388 723
950 164
957 798
872 630
135 70
68 123
395 285
949 926
149 230
196 199
58 160
42 749
498 27
179 759
11 346
198 984
669 305
446 154
696 657
720 247
464 437
983 326
592 634
185 509
384 95
83 708
237 49
238 890
789 618
919 559
963 699
933 863
200 813
735 327
498 558
502 46
514 822
304 41
715 155
473 212
832 413
861 589
299 944
140 500
472 28
773 856
212 486
179 151
754 545
387 418
800 345
620 58
896 920
144 157
880 151
58 959
900 748
580 856
29 316
305 878
131 822
6 710
758 219
763 563
124 803
886 5
827 543
392 965
870 784
27 662
339 168
233 365
726 54
452 905
279 564
946 230
859 606
568 801
664 928
883 340
25 234
101 798
176 74
529 586
438 462
115 111
940 900
875 601
345 758
733 859
717 374
580 50
727 317
285 458
925 828
141 870
898 547
259 819
868 885
210 395
342 372
552 930
355 747
575 223
99 750
3 1000
29 231
360 194
638 565
968 513
327 262
316 360
882 180
749 233
707 269
88 891
690 786
839 504
659 110
492 229
436 675
151 794
1000 656
801 449
839 393
951 883
346 558
19 380
792 700
874 876
87 853
114 917
13 247
452 553
102 158
142 485
970 170
274 741
847 672
829 117
978 593
425 855
46 129
729 257
432 415
678 510
992 989
131 901
494 939
717 198
305 906
687 361
378 563
948 891
399 881
611 515
794 97
44 384
482 725
887 940
182 274
241 886
269 656
976 751
120 85
283 925
607 740
21 1
280 901
627 258
617 892
488 378
799 22
471 161
400 622
954 77
578 881
225 543
941 449
487 955
399 309
458 979
20 958
2 577
594 487
300 350
184 202
716 598
422 713
594 374
281 575
102 673
892 166
988 642
437 388
711 418
774 13
299 431
119 294
839 361
232 90
582 878
497 106
177 856
694 711
80 173
801 131
949 315
532 277
222 343
960 620
532 284
658 415
23 610
381 826
610 996
811 327
88 966
730 317
951 855
166 281
35 25
879 632
800 163
748 169
87 889
550 115
38 295
696 523
887 278
16 257
255 88
737 713
973 601
245 82
526 363
729 285
359 494
913 934
128 762
382 853
477 127
607 756
247 597
875 84
639 183
641 572
269 851
474 999
41 908
614 499
708 666
178 271
606 855
148 459
330 466
372 219
28 781
675 474
568 874
533 984
494 530
82 66
875 771
145 888
922 329
793 52
958 734
794 359
101 375
452 231
472 71
150 634
228 846
470 775
589 371
665 355
78 200
580 330
401 669
864 973
630 912
3 917
546 25
488 433
701 758
145 784
807 226
612 266
170 229
461 290
628 113
750 408
272 961
256 454
214 733
207 871
816 654
355 646
656 871
878 60
475 635
350 885
649 482
851 900
265 489
838 990
341 94
783 107
180 220
904 176
361 788
515 534
143 377
259 340
922 572
984 237
506 113
179 13
53 620
936 368
905 443
669 690
399 869
411 174
58 809
536 761
65 295
96 467
4 454
387 470
583 370
434 935
506 951
61 388
942 503
301 405
193 564
766 731
801 821
269 887
625 521
954 449
257 791
735 708
741 903
26 92
606 819
935 811
771 794
261 840
153 87
7 340
282 373
504 445
128 915
851 153
873 305
179 656
36 395
441 317
903 47
399 508
129 232
186 491
775 113
561 173
390 17
410 755
859 896
586 584
257 332
868 850
899 18
963 126
72 349
722 267
284 722
350 567
575 186
128 64
544 582
160 863
358 854
844 137
946 917
212 547
640 344
100 888
29 292
78 787
544 403
274 476
325 959
740 654
249 905
763 359
377 416
710 290
640 900
643 359
348 743
238 695
921 585
888 532
151 68
852 183
9 635
249 94
197 262
566 945
127 69
398 551
348 662
19 686
600 218
477 54
597 869
391 490
504 140
122 327
269 778
594 557
704 21
351 658
88 494
176 670
233 451
900 107
399 796
205 590
55 142
844 785
187 510
334 323
563 821
395 205
456 461
111 663
150 337
93 99
140 799
568 989
519 285
15 962
861 276
368 400
607 784
923 881
754 952
599 700
591 300
432 771
412 63
129 869
556 68
113 851
556 987
439 753
337 779
394 466
177 930
128 298
310 582
939 114
685 522
744 218
55 861
716 352
39 376
510 905
810 812
15 164
369 228
564 131
964 741
969 981
274 433
810 15
344 721
385 968
333 914
961 292
448 324
375 315
711 189
549 674
640 578
536 531
264 374
339 666
420 889
739 413
226 56
889 360
550 423
465 929
407 962
943 252
252 891
370 798
421 738
683 723
226 282
745 762
562 480
529 233
947 358
81 965
892 320
828 35
649 720
196 309
764 734
884 890
291 753
980 341
361 259
415 250
680 137
903 337
154 880
690 286
196 491
144 326
23 598
218 412
177 258
340 970
180 615
362 782
401 918
989 419
167 683
149 172
923 861
926 428
533 22
457 739
920 197
722 177
237 661
390 217
983 186
581 108
94 839
169 684
546 242
164 913
147 165
555 352
993 755
613 58
781 798
375 219
553 839
453 937
975 820
890 512
356 164
48 637
838 864
300 364
420 729
673 479
473 113
311 785
824 504
333 549
248 815
778 690
891 7
506 491
702 751
38 122
759 4
905 269
880 355
259 392
922 584
83 716
28 219
222 1
830 960
923 46
327 899
212 31
196 996
838 373
518 877
55 688
250 313
88 148
586 447
861 871
205 963
991 740
885 97
761 179
710 20
254 970
453 245
532 936
239 548
433 73
514 210
914 664
130 171
663 503
573 878
746 859
586 224
505 39
400 685
480 462
558 394
10 420
598 923
767 816
789 190
115 185
81 889
372 264
210 159
410 621
86 522
825 650
254 812
650 422
422 520
996 485
499 135
682 660
789 912
732 305
341 537
358 585
894 367
539 978
511 228
837 350
485 346
769 381
377 887
891 340
764 222
103 876
74 902
551 152
20 288
223 379
134 472
212 520
548 862
532 187
915 53
47 169
276 633
935 555
579 864
35 926
531 5
125 758
313 500
646 470
960 585
464 632
263 930
730 367
762 207
18 99
331 232
741 781
105 779
144 917
199 945
862 409
61 48
99 229
431 162
36 786
183 605
455 728
524 575
504 770
356 867
684 821
41 205
260 617
580 870
83 454
601 261
932 187
723 790
64 489
83 439
266 637
841 231
948 653
509 337
771 140
352 404
540 471
430 827
417 616
415 45
163 92
917 299
735 596
706 890
860 540
987 443
269 600
589 675
805 614
97 114
34 181
915 548
707 250
898 426
730 87
784 461
489 345
552 569
65 666
103 690
291 107
826 171
848 303
484 43
877 684
548 668
163 758
538 40
792 230
545 498
13 700
161 393
218 202
660 933
274 42
481 916
8 260
982 791
691 521
323 397
750 36
753 192
401 299
762 638
29 291
30 516
489 806
787 139
406 567
86 303
805 275
398 155
352 901
351 217
665 878
493 446
430 296
161 565
914 141
607 40
311 639
826 961
496 420
773 838
411 141
178 144
70 898
494 802
460 726
961 863
505 459
605 392
145 362
610 126
4 443
761 250
681 473
653 99
213 732
732 956
679 979
297 593
228 707
580 632
620 873
987 534
899 332
63 531
444 631
305 223
110 602
607 642
667 553
357 131
34 359
15 973
608 79
78 103
694 189
988 922
918 949
194 915
931 146
534 645
429 533
265 716
731 41
310 980
337 222
986 393
631 417
371 599
66 507
621 651
735 391
829 606
351 398
958 162
725 669
872 191
104 201
657 597
198 631
824 66
398 85
521 230
548 997
436 319
192 811
304 949
401 49
772 64
153 688
388 329
970 345
952 964
482 175
835 881
658 234
952 947
721 843
520 151
244 917
162 896
658 893
383 450
314 711
957 303
672 673
749 589
291 205
594 526
633 76
287 153
658 543
348 921
24 639
83 220
983 625
96 81
196 468
15 944
328 36
421 805
372 309
943 672
225 541
922 260
645 484
720 595
103 532
659 754
94 949
609 375
917 182
537 902
34 448
409 583
871 531
512 272
626 978
94 836
67 12
161 87
803 640
347 268
223 497
997 218
122 516
765 366
271 15
879 218
57 151
494 188
703 8
996 6
327 696
660 861
545 43
854 31
621 256
707 67
713 723
42 231
961 475
86 228
89 682
517 86
888 768
596 561
924 120
726 948
854 249
605 701
507 910
721 72
170 722
833 50
655 361
531 311
238 765
460 910
499 959
64 224
942 767
781 131
106 615
213 961
173 323
400 226
348 680
666 709
947 212
456 729
270 868
757 181
685 440
729 396
88 260
538 170
776 635
733 395
541 805
176 679
598 702
379 928
32 731
896 608
36 179
457 144
378 556
407 564
228 402
534 1
242 555
926 969
704 380
561 421
245 660
675 429
254 194
423 339
408 216
906 891
279 751
836 248
267 175
896 317
275 680
58 24
59 833
354 947
525 548
710 608
57 352
534 722
628 233
295 234
6 91
281 616
673 958
923 434
52 429
586 677
868 783
160 966
656 955
143 135
208 50
691 959
982 130
455 794
324 616
181 993
204 6
194 108
530 402
353 816
493 992
207 790
192 629
623 362
82 804
169 843
186 875
319 721
251 323
752 492
951 772
160 38
260 165
578 168
74 347
169 101
297 184
948 505
681 194
294 735
575 570
409 391
320 102
191 813
892 686
130 507
421 296
630 30
942 394
411 462
823 413
954 215
278 18
293 401
340 335
528 881
370 694
460 992
69 24
555 961
311 667
81 954
14 810
54 791
609 108
663 651
614 255
543 177
836 845
889 219
920 352
295 424
777 697
262 211
693 629
395 286
464 550
306 687
479 556
100 343
883 8
533 889
8 600
725 821
210 418
163 616
356 31
43 516
217 759
532 122
402 867
423 187
817 628
234 718
754 9
108 458
475 552
721 208
151 557
190 109
670 283
947 690
933 183
363 587
20 436
539 588
965 454
617 400
48 917
268 606
325 667
677 502
883 562
449 617
613 676
890 283
194 274
472 112
808 522
221 587
630 297
635 705
763 136
146 20
720 326
681 173
611 44
114 620
151 209
300 749
892 579
416 742
678 194
386 962
558 916
839 853
342 727
770 892
165 870
883 650
149 722
615 591
330 47
107 424
453 204
442 319
336 982
888 355
10 539
176 879
272 274
326 997
115 850
583 237
6 999
974 689
714 370
742 428
963 401
289 674
805 746
989 349
941 474
335 639
375 546
468 32
881 921
132 703
229 41
357 100
177 710
934 655
720 424
276 254
918 549
996 269
320 806
82 701
599 992
773 624
380 169
241 245
170 187
355 759
392 241
892 76
432 754
492 450
661 495
111 408
39 399
665 996
99 352
635 786
319 879
308 476
628 537
468 794
94 308
722 817
726 937
32 133
749 8
459 838
425 954
355 313
140 411
142 377
118 72
688 975
49 599
946 223
468 111
107 217
640 866
495 662
240 676
197 504
89 743
566 915
74 117
865 326
350 286
270 737
783 662
681 308
844 928
774 779
577 763
173 144
301 475
33 773
399 882
898 47
112 494
28 804
31 135
824 999
931 909
549 454
384 500
216 483
795 259
872 915
836 886
598 893
177 439
486 187
642 219
292 960
633 286
780 877
425 278
103 390
654 818
958 136
223 845
777 753
685 936
499 173
160 733
380 888
626 576
275 764
371 871
533 635
263 359
238 501
593 154
665 309
171 460
384 819
140 882
171 93
816 790
212 903
238 215
461 396
688 464
467 819
195 736
659 177
56 90
440 249
354 323
781 766
928 158
838 62
234 937
643 741
661 628
807 968
910 501
830 21
820 11
398 161
459 917
910 84
853 77
526 221
588 942
946 368
819 194
268 324
515 733
147 577
689 722
197 331
145 958
715 386
638 190
576 844
739 264
463 136
826 745
800 388
178 40
54 639
350 235
762 218
831 534
697 877
131 883
127 893
874 993
439 81
434 627
58 455
612 866
573 484
166 954
336 557
391 99
654 671
180 982
291 479
607 709
918 784
99 798
135 94
708 428
466 819
244 839
859 776
491 717
208 390
650 357
871 929
271 735
204 916
386 708
564 658
858 371
569 764
91 64
54 372
556 14
333 387
392 427
247 349
873 150
11 387
12 856
185 116
599 25
569 478
436 35
954 672
978 178
869 307
604 35
125 515
53 294
256 584
317 337
820 120
621 810
131 501
429 648
817 954
412 506
952 159
721 889
311 740
402 192
709 615
751 347
446 649
86 368
568 495
218 552
644 439
972 369
477 781
886 235
282 781
340 864
948 506
491 113
109 962
40 215
38 326
244 607
691 459
786 380
648 357
408 714
966 125
242 914
205 997
956 35
353 82
596 10
451 573
823 269
45 909
230 395
747 255
92 424
679 958
792 838
580 405
887 827
46 265
563 737
948 941
685 879
368 943
918 845
410 476
965 366
659 847
589 562
573 633
703 574
426 534
561 81
154 985
376 601
244 996
567 95
58 61
398 339
941 262
370 202
299 202
814 607
233 834
896 56
863 986
76 312
494 27
189 759
46 820
804 320
478 469
169 635
833 524
104 64
324 589
753 373
20 454
721 215
246 746
941 534
622 113
234 862
881 393
610 585
459 127
170 486
872 212
640 714
18 50
81 479
132 62
322 348
394 881
640 633
491 319
757 552
204 920
189 44
412 333
17 123
382 551
772 253
478 218
762 961
265 629
973 133
49 699
231 151
839 852
39 780
667 239
904 747
409 275
818 81
925 811
197 404
880 794
643 6
513 845
296 891
813 714
575 831
504 254
323 578
729 459
412 817
158 517
128 596
993 78
331 675
499 261
136 851
693 773
841 18
934 741
81 933
44 303
952 384
62 928
547 192
909 985
641 283
711 492
115 194
866 534
838 252
484 437
968 506
12 203
667 728
210 357
673 539
432 183
987 167
493 466
755 899
422 598
172 169
466 906
508 241
950 472
568 673
423 120
25 953
688 215
801 237
769 266
884 507
9 365
483 290
817 518
882 228
534 997
739 629
19 53
548 708
13 559
810 123
403 323
920 727
727 587
639 714
216 308
366 636
762 771
545 879
748 818
441 427
785 628
262 524
420 789
682 448
701 356
411 250
178 803
972 441
666 636
919 130
308 529
438 576
24 820
999 801
766 564
412 631
732 636
14 679
359 345
736 615
878 934
257 946
793 736
386 86
322 868
656 247
504 298
692 733
704 441
719 132
978 510
337 398
500 78
839 751
521 904
25 89
656 405
436 613
55 397
462 433
689 83
124 656
34 136
552 725
79 424
411 86
232 273
216 950
858 493
106 374
682 703
267 176
579 333
817 320
747 515
659 613
769 485
898 515
617 19
945 740
171 313
423 237
762 876
609 960
459 217
591 720
412 241
855 863
271 190
440 250
963 742
883 151
51 288
894 818
403 351
596 716
498 995
181 352
855 957
839 472
551 420
865 677
602 766
353 393
388 408
732 187
218 597
330 907
298 429
451 917
105 957
576 990
922 710
927 255
19 634
576 845
266 757
197 475
14 643
879 787
936 69
258 113
448 879
212 248
126 322
733 426
182 464
183 905
871 28
619 79
325 456
662 746
993 118
270 779
758 950
465 317
118 529
988 143
971 343
2 876
242 553
918 166
6 940
742 410
409 918
104 538
525 320
379 640
345 784
722 110
337 148
64 588
945 981
30 177
196 89
768 842
56 588
609 288
149 205
354 945
6 206
567 491
720 482
817 364
450 335
616 605
622 393
15 286
309 56
77 44
191 36
180 267
143 129
682 949
555 321
759 673
389 1
997 252
781 831
108 533
218 245
54 407
459 197
705 749
902 833
669 74
484 784
285 833
416 16
384 574
846 610
742 659
411 791
468 748
108 315
754 197
170 402
423 580
541 161
705 611
624 729
930 632
880 307
317 50
9 865
909 270
251 306
179 17
566 655
933 152
995 979
759 154
801 638
624 903
91 336
155 185
601 409
473 526
792 918
928 483
732 548
733 285
364 416
44 550
852 125
31 824
701 848
903 500
46 415
231 929
314 991
483 293
10 500
410 426
306 587
811 746
704 346
104 630
980 511
54 900
920 354
685 94
2 3
814 642
968 46
492 788
239 249
764 936
376 985
394 216
103 606
937 417
947 472
195 12
641 250
954 867
828 776
638 691
786 616
897 385
350 410
117 852
704 949
523 331
839 355
322 8
215 823
316 622
902 813
536 797
561 366
264 96
542 343
433 671
86 179
215 533
623 392
937 287
60 474
833 222
373 653
249 407
233 356
916 991
204 317
598 201
395 692
657 793
160 287
921 732
886 244
615 526
222 722
171 620
568 379
914 283
631 800
378 838
221 412
157 948
361 521
639 250
453 57
511 375
918 413
231 116
948 876
375 675
338 122
46 443
233 336
14 917
295 616
316 595
408 372
266 894
339 284
124 542
145 939
384 237
375 670
444 737
78 45
466 873
695 616
58 111
928 857
712 992
788 317
77 146
314 324
315 741
817 347
12 515
452 330
864 794
828 957
299 41
30 427
859 17
822 135
290 300
932 963
598 183
665 712
578 699
906 226
428 610
447 198
953 451
582 775
472 530
199 417
91 824
868 407
261 14
318 113
47 541
817 662
18 373
492 316
445 850
526 933
269 388
694 623
57 858
442 968
448 297
950 948
538 640
258 512
118 172
155 466
429 719
467 484
527 170
674 586
92 783
381 898
368 47
647 893
815 239
88 926
10 161
429 915
649 873
355 392
553 453
95 330
408 660
705 130
526 400
59 269
709 347
987 681
235 204
58 719
365 833
24 979
353 921
995 598
527 671
415 81
589 774
914 688
111 582
278 843
466 43
607 594
314 919
155 789
998 85
357 851
742 875
276 463
480 354
592 843
429 343
239 192
479 721
614 20
963 284
176 250
901 606
450 360
927 782
785 993
181 232
674 59
108 931
312 232
220 561
424 994
134 353
82 558
670 183
364 580
418 492
772 739
316 22
632 544
725 717
707 462
29 198
303 411
368 286
935 230
739 993
672 642
501 542
26 272
69 826
655 39
338 845
669 903
861 703
701 278
578 67
136 498
213 236
950 771
838 288
382 636
511 88
813 990
942 258
464 845
39 252
620 130
849 906
494 985
852 235
984 419
88 263
714 71
453 241
584 371
810 690
153 205
649 752
634 286
652 145
370 645
737 31
707 675
728 710
824 901
645 917
779 367
34 314
814 871
394 82
968 51
720 596
112 889
48 465
157 337
604 254
845 196
694 678
774 192
324 914
137 285
335 678
413 120
914 648
267 388
185 744
350 717
96 444
404 365
333 385
312 992
742 807
195 416
915 859
629 237
521 496
260 364
100 99
122 551
673 157
801 64
161 481
751 972
280 465
531 920
808 755
290 566
539 613
243 714
702 182
134 623
394 712
622 970
824 125
565 187
904 181
778 594
584 925
144 634
696 55
758 309
373 857
190 801
714 935
550 1
737 526
311 535
687 1000
669 653
853 464
859 607
621 148
821 626
598 24
421 324
8 120
176 786
908 858
643 159
572 303
705 330
541 740
691 139
639 193
187 864
301 400
799 401
505 269
76 912
75 559
849 656
791 237
701 704
526 243
546 515
103 234
965 219
145 974
229 336
902 343
832 575
617 831
135 444
820 708
193 896
586 994
851 506
559 949
599 872
379 397
203 603
150 650
601 248
814 605
11 336
932 936
224 525
388 910
102 610
493 159
518 48
668 581
128 24
869 452
879 331
513 848
572 463
20 448
242 240
118 423
916 937
658 318
531 948
735 316
94 460
989 988
955 852
66 181
322 299
624 631
206 995
203 116
494 597
316 845
963 590
770 678
271 407
221 584
386 703
403 519
278 497
663 625
92 911
446 683
325 954
797 164
145 76
572 493
420 834
459 812
465 800
162 830
611 125
169 471
887 725
246 199
728 66
947 224
329 366
126 441
217 451
37 168
524 686
357 715
528 297
631 996
657 459
73 441
179 955
623 956
202 504
990 337
780 407
43 322
178 321
453 201
637 629
15 811
343 654
770 12
853 323
581 94
586 804
642 242
36 325
307 505
617 650
319 502
486 365
590 855
827 419
223 874
542 986
638 99
654 964
968 75
551 536
810 146
423 485
885 522
889 719
485 188
987 214
556 65
774 136
188 38
659 440
436 967
309 127
241 281
826 320
229 776
363 778
807 161
419 864
997 307
357 553
820 796
413 322
986 685
859 318
682 797
642 843
883 714
299 359
284 465
783 57
949 289
807 903
904 254
450 888
623 431
971 134
147 840
956 562
39 750
226 979
874 967
755 729
727 837
478 37
961 29
264 379
783 942
36 31
621 203
443 976
222 46
117 284
209 929
818 785
670 822
819 24
123 679
141 60
507 708
491 59
828 218
874 520
361 603
198 70
255 51
607 302
717 197
705 306
154 78
72 913
95 817
790 245
151 325
64 469
652 238
945 380
953 857
37 430
984 410
975 40
813 445
997 544
210 914
227 816
325 355
202 766
332 641
816 382
747 342
395 125
234 175
570 325
674 901
710 940
168 561
791 507
758 586
851 340
741 269
244 363
401 794
254 900
458 989
609 651
498 458
121 849
86 717
893 51
816 596
163 596
114 186
781 904
986 454
548 577
255 863
128 412
149 506
212 898
229 812
911 170
750 390
933 686
881 373
8 369
261 97
145 317
857 508
768 347
697 107
882 921
721 285
282 714
743 984
444 621
86 137
790 779
277 940
756 817
613 872
282 530
504 670
56 462
660 703
131 299
929 865
464 544
982 294
553 262
166 275
839 268
710 476
655 373
982 546
494 879
834 408
908 951
416 545
566 595
917 975
645 464
952 706
240 884
274 435
654 662
887 562
211 85
495 917
460 605
282 488
121 320
429 7
196 278
897 733
178 954
737 30
311 103
59 246
850 279
297 685
248 61
215 259
159 51
987 594
758 300
619 301
489 70
508 486
163 133
185 957
917 500
901 927
613 389
82 463
177 289
291 297
58 36
918 902
871 930
909 705
470 793
609 663
875 666
428 261
839 101
215 975
555 306
243 318
595 597
502 537
308 723
952 358
56 795
795 752
833 549
454 559
915 203
48 1
906 266
711 461
489 956
221 833
32 240
392 27
930 519
277 960
556 589
544 397
819 201
697 353
859 623
296 326
804 550
640 527
221 660
939 637
812 773
971 808
819 35
783 388
972 451
900 352
260 967
196 554
620 461
107 162
217 486
808 223
663 195
254 16
279 218
476 228
421 677
595 358
957 339
944 542
119 494
452 781
418 685
382 202
590 559
961 513
254 994
680 183
573 404
709 52
802 630
106 27
235 437
680 326
718 258
940 776
819 958
889 976
229 351
671 904
410 597
704 459
180 548
626 564
828 548
625 478
730 758
620 710
90 841
107 925
602 604
906 125
587 978
918 652
333 420
249 31
51 719
399 9
94 659
940 483
543 646
829 881
809 552
682 806
901 472
705 719
905 29
445 844
584 732
180 15
31 926
661 568
905 110
564 181
748 954
218 489
660 640
924 13
782 151
398 156
648 87
353 439
175 106
696 323
53 586
520 17
778 937
250 152
586 286
566 792
829 106
482 887
340 393
107 142
516 372
311 280
684 790
600 61
943 855
144 35
266 538
763 712
657 347
452 865
870 790
701 882
897 645
26 806
106 236
254 60
914 733
55 53
883 428
901 821
581 93
129 681
505 522
289 565
951 127
253 109
474 362
755 791
862 985
497 571
21 456
673 905
125 132
181 146
682 617
53 94
137 340
500 600
252 9
63 271
167 709
220 559
686 836
545 288
492 366
414 923
378 319
906 371
502 752
412 232
380 276
311 922
60 666
830 402
543 988
329 632
762 453
481 661
123 344
877 207
666 968
777 337
397 265
193 138
389 867
51 20
438 724
934 233
187 596
574 320
904 940
64 153
725 220
340 62
179 248
805 20
538 433
598 437
451 728
838 484
911 600
348 880
611 810
922 899
796 1000
376 377
283 711
175 477
398 692
662 961
81 740
615 867
119 981
652 126
308 306
538 117
496 784
975 472
137 948
570 322
472 113
383 525
442 49
340 976
502 809
271 598
453 607
257 492
888 208
941 314
48 55
414 74
520 415
128 848
737 445
515 602
928 726
436 821
953 133
793 492
262 921
7 101
87 236
272 845
627 459
55 626
459 880
171 81
155 628
637 312
599 113
525 878
968 981
199 391
988 520
458 527
189 429
875 623
318 19
670 196
907 562
506 275
983 263
472 927
275 188
873 404
136 150
335 417
143 509
379 463
373 722
564 109
485 740
331 194
848 808
647 978
672 6
545 776
507 901
435 160
454 140
978 778
830 891
40 777
173 556
853 58
766 885
882 560
179 167
307 410
808 341
293 147
331 288
743 415
501 80
891 815
800 297
681 122
281 760
574 463
353 217
687 52
843 474
871 392
49 337
509 327
382 175
283 781
59 152
232 203
84 829
326 918
555 984
282 280
358 7
568 881
845 527
756 158
495 874
281 160
944 288
392 486
663 144
72 251
470 142
132 861
974 252
689 124
121 530
985 805
842 821
219 237
25 852
447 469
915 639
935 320
516 934
849 135
869 204
335 672
547 840
497 813
446 230
512 96
995 395
480 844
891 362
998 514
910 672
638 741
464 336
191 263
985 274
194 408
324 779
915 424
517 36
80 287
687 660
566 531
736 998
493 765
631 59
133 444
28 134
66 881
667 185
1 822
512 623
655 328
344 194
843 152
458 118
705 223
465 850
265 942
984 18
412 899
235 104
515 842
862 23
295 914
874 577
1 577
511 348
866 957
61 413
961 919
927 366
895 58
842 178
202 341
97 105
280 695
923 479
505 764
602 786
515 249
384 405
679 954
684 736
150 332
23 950
651 489
103 228
654 716
642 236
37 758
745 359
314 981
576 583
370 731
629 797
428 196
909 659
324 501
989 485
383 938
744 440
100 154
896 141
181 189
209 76
84 190
233 838
911 463
15 314
769 290
834 712
906 205
302 978
765 416
345 301
621 673
18 268
776 766
313 312
795 588
902 800
104 211
120 24
967 842
17 669
954 563
155 346
948 21
289 400
237 442
592 215
424 361
311 708
1000 700
895 565
625 17
40 921
938 894
338 674
264 321
545 816
605 736
825 297
734 284
458 27
443 677
619 972
377 425
505 92
213 787
204 634
260 932
814 263
406 546
709 301
690 128
446 794
452 723
605 307
571 399
794 226
832 81
207 75
227 905
858 977
505 303
838 155
318 20
148 539
311 57
871 33
90 758
128 967
185 538
242 541
738 502
685 157
31 63
736 155
366 970
131 621
371 112
724 948
653 464
486 355
625 921
721 730
116 804
824 669
915 582
399 473
278 582
397 776
419 516
494 72
480 534
45 450
85 629
234 525
987 89
237 858
312 207
542 5
35 741
73 794
113 805
440 115
995 451
171 133
808 830
13 880
976 500
445 879
89 506
15 173
518 316
221 569
981 111
235 645
255 334
331 182
95 145
740 730
298 437
446 581
819 237
326 495
279 84
406 311
463 770
707 804
109 681
273 130
884 572
519 27
210 735
637 836
175 367
487 9
288 577
112 261
679 655
83 699
273 428
80 946
436 854
267 147
230 452
613 151
966 456
54 694
22 464
261 888
871 69
62 589
489 223
269 521
951 45
370 586
922 213
159 238
255 89
272 386
145 916
540 246
892 676
945 941
28 967
750 584
384 123
992 384
911 610
154 541
377 32
508 162
183 715
959 341
798 237
966 56
803 313
186 285
404 340
191 12
471 364
410 933
858 267
43 214
224 567
437 317
369 95
497 98
995 511
78 513
194 2
345 150
242 310
407 458
891 175
138 589
839 327
507 166
15 129
271 299
644 311
313 481
665 884
151 961
213 120
14 75
108 354
127 454
166 134
95 100
499 871
543 780
359 691
855 558
549 847
622 783
606 368
553 260
570 682
94 164
633 566
395 753
839 250
772 177
576 978
577 15
631 884
320 16
925 973
469 652
114 768
637 872
84 88
733 309
3 146
921 443
58 729
634 426
83 416
598 577
452 811
89 631
221 114
538 180
277 320
26 64
126 209
92 449
129 329
936 871
476 32
25 702
978 478
743 34
893 657
767 168
441 440
974 850
824 37
158 895
675 83
629 824
99 773
116 237
840 225
931 138
200 128
483 563
157 302
402 599
441 11
719 728
523 69
817 352
727 253
587 790
604 872
950 388
163 626
111 136
846 213
756 706
995 394
975 864
579 75
730 933
802 502
678 653
333 736
139 559
674 828
125 542
863 272
403 270
777 61
299 673
913 429
877 116
492 150
536 948
773 73
800 920
498 515
905 193
725 448
126 855
163 763
773 986
251 310
179 21
306 583
607 61
352 623
908 966
50 474
685 238
948 455
397 71
61 186
887 754
355 453
840 867
322 646
307 358
734 67
883 775
682 965
313 953
265 329
706 544
11 602
672 775
179 928
53 903
19 779
684 963
534 472
577 309
500 236
358 198
839 909
328 309
201 9
440 847
685 295
634 305
862 705
387 993
559 739
654 717
767 844
452 188
917 421
131 624
64 573
158 859
315 329
399 599
736 111
440 540
612 914
582 482
458 896
441 182
725 846
18 845
341 597
265 324
825 792
391 753
699 27
825 905
589 224
419 760
726 475
410 925
584 480
786 612
937 720
704 905
467 769
85 434
849 783
290 742
475 558
497 42
61 681
178 583
149 644
459 901
436 179
679 209
972 93
776 927
613 861
869 675
928 219
882 814
191 536
104 498
341 491
895 564
730 523
401 78
826 857
778 223
710 621
696 788
265 751
175 116
252 905
843 54
493 625
981 172
911 721
222 992
32 847
829 104
669 543
303 769
343 820
127 77
292 22
19 694
684 784
421 758
813 692
471 470
395 999
588 844
382 149
164 40
573 212
596 43
524 824
504 3
306 265
179 557
736 446
310 321
700 217
617 621
120 979
874 324
646 638
24 665
527 948
150 361
451 314
4 608
72 165
435 885
466 959
591 22
828 740
547 84
768 647
91 368
453 633
922 400
707 922
617 33
286 27
72 387
733 850
845 824
594 504
174 958
742 128
765 97
507 337
15 744
418 226
972 701
355 645
708 135
603 507
396 813
168 916
581 544
285 227
15 398
592 775
518 19
902 882
745 392
483 182
411 693
982 204
752 765
159 879
751 769
809 522
636 349
494 282
753 419
83 877
137 133
711 407
434 449
587 653
53 281
222 352
96 820
298 144
709 882
800 946
342 464
179 431
695 847
75 78
591 910
8 5
429 715
377 362
928 86
341 399
35 812
632 455
291 694
878 734
312 763
477 735
282 991
389 537
799 790
31 696
359 287
674 697
894 332
454 49
754 491
726 273
248 616
763 283
469 412
996 117
313 896
633 891
232 956
586 387
670 242
188 235
559 468
377 166
692 555
641 559
514 343
642 256
904 539
982 798
799 362
664 743
628 728
314 800
10 569
181 975
949 650
477 421
862 288
12 997
699 44
955 134
442 311
390 439
999 369
515 494
257 482
884 151
813 237
12 898
229 486
929 400
769 79
824 294
511 173
245 844
747 518
128 480
739 694
223 617
121 967
86 819
266 985
960 808
647 264
301 716
825 50
384 696
459 220
831 76
177 855
699 694
282 750
7 655
986 150
244 110
701 417
243 867
344 301
252 723
454 883
56 446
442 859
498 623
138 517
235 864
638 154
311 527
147 726
278 444
151 166
777 371
66 922
875 400
947 63
878 613
184 593
147 583
518 970
201 277
145 410
148 783
40 112
519 776
447 829
302 16
533 668
970 70
734 247
496 705
922 997
245 458
876 284
948 689
18 586
499 339
780 90
791 647
628 316
222 581
925 738
877 949
267 454
513 482
898 188
537 484
611 695
614 202
228 529
124 578
729 800
912 434
367 426
581 123
254 852
914 965
664 784
276 94
668 808
98 800
707 850
980 710
944 437
629 601
479 582
958 748
394 176
487 807
128 460
977 89
670 4
506 595
834 316
806 580
563 358
349 44
413 406
750 417
532 220
312 119
973 382
125 541
703 186
337 629
985 385
716 55
983 198
528 773
201 611
904 8
725 432
550 5
109 811
117 288
942 691
601 115
505 70
476 449
151 59
120 619
852 164
757 225
637 779
31 918
567 608
163 358
441 14
417 759
35 288
291 138
37 402
921 263
280 697
954 441
718 406
956 287
336 624
978 451
379 818
738 579
609 742
504 309
361 108
289 671
881 869
272 459
815 53
348 382
244 319
318 514
484 366
376 879
985 775
521 677
284 517
90 200
980 17
555 386
862 770
927 962
731 197
919 978
388 906
523 241
165 864
877 676
513 827
739 607
526 547
51 577
379 92
77 813
248 913
65 813
639 847
327 421
826 516
350 862
8 411
942 898
322 295
340 506
26 547
99 43
213 225
30 927
476 647
60 326
813 768
27 183
593 578
987 930
972 482
60 164
460 718
83 381
890 119
249 101
31 997
602 547
145 354
130 470
425 540
148 62
210 794
377 137
658 985
810 743
264 996
410 233
889 683
788 902
898 66
450 67
296 752
741 930
841 20
642 95
457 771
495 831
847 10
119 867
638 133
585 31
257 20
331 903
427 708
854 877
177 285
896 333
702 817
444 877
599 667
68 65
958 622
870 330
176 162
820 587
422 436
129 892
186 263
43 146
100 449
262 944
335 666
315 80
821 431
569 318
385 539
295 56
191 123
211 793
87 186
290 664
494 168
556 867
191 200
892 75
80 187
189 503
392 71
251 34
288 40
308 475
4 956
562 962
356 495
365 329
461 892
378 375
682 59
265 697
786 174
950 824
679 474
900 5
593 541
411 965
838 313
565 415
126 767
202 215
19 503
39 968
231 854
563 242
191 797
361 974
827 569
420 241
519 807
903 644
279 174
741 634
201 998
718 701
365 683
369 680
170 939
135 943
282 97
819 314
669 867
571 429
734 171
130 45
334 309
706 920
301 468
908 124
638 275
69 72
549 382
79 227
390 650
671 815
799 250
267 477
106 207
77 327
550 920
572 928
370 584
847 238
411 114
829 906
54 982
756 52
149 66
194 585
672 869
693 517
570 304
550 890
353 600
458 985
172 139
194 975
581 737
450 357
399 172
9 290
617 21
191 14
108 920
879 125
38 951
789 869
630 829
812 330
206 713
122 524
930 285
894 602
401 457
733 712
369 93
846 921
925 22
711 485
358 791
90 465
564 183
772 383
665 969
254 174
88 690
749 195
472 785
548 946
682 140
773 83
283 203
446 261
412 493
786 222
751 762
632 882
411 47
85 60
748 780
74 303
314 320
204 614
588 820
520 44
815 127
982 516
680 786
53 816
117 109
961 799
140 148
892 753
14 645
730 712
166 576
102 322
93 585
438 832
258 506
97 66
300 865
728 860
747 8
19 975
775 720
330 64
541 942
746 832
193 832
395 12
803 155
805 585
737 131
24 722
466 57
813 46
617 693
779 354
56 924
727 552
656 503
770 355
681 580
646 726
564 891
987 971
360 313
294 426
91 443
475 24
632 133
336 322
997 947
548 387
536 331
177 585
851 594
472 689
129 932
647 478
146 432
356 99
525 830
301 690
132 412
975 866
924 912
817 576
88 624
463 118
986 73
74 911
948 517
899 690
466 310
702 261
939 181
912 967
450 922
553 571
699 725
995 362
105 720
568 152
270 32
612 225
474 861
856 183
251 965
791 695
539 390
316 789
99 159
360 689
144 910
1 779
184 511
938 808
408 819
216 16
749 346
217 377
187 657
169 510
316 123
155 191
620 457
58 942
904 758
456 298
412 949
624 155
243 617
684 957
650 893
633 931
463 26
563 968
875 42
617 340
862 308
754 869
370 686
633 12
642 452
173 209
434 703
427 586
619 446
823 40
326 512
789 360
370 400
666 229
667 580
237 704
234 370
924 626
366 783
37 981
870 431
965 393
824 627
147 262
936 641
591 451
564 637
926 124
582 642
108 849
713 625
567 378
774 647
366 105
246 963
781 972
195 387
967 545
863 592
938 313
540 533
959 77
179 318
609 770
811 74
905 1
217 921
860 693
165 345
368 347
954 574
350 863
416 113
509 172
670 573
951 864
855 720
143 724
37 113
826 982
213 784
16 308
787 993
238 701
45 695
924 350
526 446
641 848
109 560
938 558
373 203
641 961
35 334
419 326
600 176
339 196
896 689
913 757
606 906
292 246
831 803
376 772
746 777
842 292
845 579
883 432
11 951
374 969
654 687
913 535
515 359
628 484
901 834
145 185
617 653
708 348
926 303
380 765
993 914
635 45
567 440
54 21
55 324
262 38
102 801
894 349
493 348
527 157
497 793
573 888
902 86
775 220
710 727
373 819
190 731
346 78
333 324
780 815
53 69
881 332
539 770
649 326
152 682
652 677
566 269
18 367
752 356
385 41
404 14
364 892
346 787
899 539
908 731
1000 268
88 838
919 437
393 499
433 526
895 554
677 355
130 742
293 106
227 490
763 172
47 95
909 336
737 417
329 350
804 220
294 652
269 613
118 64
981 165
545 578
554 784
832 146
174 961
62 442
782 768
896 895
399 932
491 207
112 312
352 375
64 443
912 233
892 972
676 225
484 163
478 757
172 895
601 399
353 152
414 285
970 661
366 634
149 976
376 202
234 168
418 947
111 802
612 965
137 521
858 581
570 305
879 297
233 840
25 892
134 216
689 421
897 693
983 223
729 996
141 814
769 77
953 280
458 966
845 218
447 2
512 489
915 980
399 175
756 378
849 40
557 375
891 469
29 958
841 326
324 750
290 330
879 124
212 821
539 881
189 568
869 438
742 908
363 749
882 128
705 538
594 630
990 549
575 117
744 79
948 89
363 523
181 694
4 913
759 105
524 845
763 106
800 976
787 202
442 857
369 783
740 362
152 979
65 54
543 777
565 321
549 844
473 793
866 192
350 49
813 839
62 453
212 434
106 733
285 698
752 167
477 850
334 965
163 319
175 159
776 417
44 494
878 986
729 362
892 754
552 237
861 893
344 408
900 687
23 200
728 942
473 734
918 95
25 284
340 675
970 806
129 334
97 434
159 62
288 957
254 120
97 291
245 667
80 701
751 417
698 799
275 578
180 76
168 530
133 544
689 112
339 133
820 750
582 389
819 981
607 850
816 125
615 327
871 985
627 141
997 3
889 650
528 465
695 348
698 480
3 926
760 665
623 124
247 341
525 829
711 682
234 576
988 633
744 141
212 931
639 964
241 181
261 64
748 572
380 344
935 128
385 876
189 318
768 427
330 756
369 858
728 479
580 397
658 502
911 984
473 196
592 382
568 503
786 82
933 129
37 92
353 895
722 896
27 90
230 583
909 408
782 990
833 372
420 187
832 171
904 872
689 758
377 2
865 277
495 726
207 194
524 640
746 624
804 400
615 854
413 752
509 359
603 638
112 479
97 109
176 892
763 656
895 439
112 558
75 690
204 856
435 10
387 526
101 446
513 460
642 232
384 280
2 843
224 967
352 140
301 829
734 613
594 128
25 139
99 783
655 643
402 551
58 197
473 845
232 336
949 787
751 155
589 268
863 957
519 435
712 169
345 384
403 224
797 496
800 604
67 207
930 211
449 152
994 926
81 287
873 779
69 986
699 176
446 480
730 55
217 920
532 353
492 358
4 986
21 996
905 145
328 996
144 717
351 887
493 470
331 49
403 668
5 304
999 710
194 363
514 778
252 533
559 932
222 421
722 981
502 85
289 541
147 528
468 49
424 395
373 936
874 655
486 761
571 677
2 376
314 582
791 952
64 33
397 249
19 699
957 257
300 516
178 488
992 956
75 624
758 215
512 851
288 775
2 13
7 284
157 687
815 21
921 596
774 582
225 301
278 785
683 597
101 466
76 656
628 485
497 685
222 658
741 642
337 324
873 282
357 137
50 611
663 170
673 908
132 785
281 269
746 187
86 584
233 4
813 633
444 349
822 124
717 362
149 270
171 330
264 632
81 152
428 315
30 3
824 528
110 301
220 693
65 636
262 950
765 495
425 503
931 421
251 880
646 72
157 53
517 821
740 130
946 769
378 463
363 657
18 364
825 132
365 67
852 683
190 296
48 987
507 158
604 736
847 880
260 64
274 824
88 839
195 557
695 840
94 317
721 469
62 351
101 648
982 284
423 895
824 782
539 321
723 668
264 353
67 130
861 630
808 49
840 568
574 325
832 356
995 784
559 243
265 921
66 244
244 927
522 527
120 212
356 813
753 695
93 142
739 356
558 808
837 885
27 800
691 201
322 892
988 413
125 931
594 516
940 536
999 63
880 909
519 596
6 291
206 369
488 279
562 249
637 531
345 915
35 75
104 102
296 637
900 555
962 770
992 21
721 681
280 913
503 929
799 26
107 376
107 570
642 835
770 268
546 659
257 820
661 86
242 878
99 971
29 780
727 213
894 382
381 650
90 189
769 366
366 38
463 685
673 138
270 296
915 181
5 197
940 416
816 670
603 230
769 520
990 554
220 115
472 246
208 878
373 556
725 327
459 504
493 899
645 6
830 2
163 11
981 926
963 639
348 107
201 580
221 537
97 555
204 841
78 854
942 555
100 906
107 748
570 694
350 54
46 307
43 602
47 114
679 585
278 290
390 808
106 621
303 853
142 461
311 302
459 635
5 955
132 73
871 310
361 569
767 481
879 795
201 896
292 41
577 301
657 405
434 774
866 773
480 72
425 601
874 264
748 353
626 480
993 142
906 527
942 193
323 659
729 692
718 296
497 740
480 406
561 467
853 859
512 569
767 805
590 870
977 586
812 228
387 819
747 441
811 635
238 947
348 260
591 376
727 392
530 964
543 783
327 638
453 719
902 748
439 620
668 858
6 81
923 931
986 309
180 364
570 52
254 565
683 933
722 283
670 11
566 168
756 718
768 142
534 933
940 388
450 920
540 7
497 403
856 742
714 716
17 372
949 355
905 197
283 169
377 694
602 441
201 608
316 156
200 909
50 653
982 324
307 76
294 890
411 186
530 76
640 948
458 115
22 848
554 871
669 567
620 459
416 579
127 85
971 108
667 26
81 662
743 156
589 886
257 867
610 435
850 354
466 91
468 509
534 210
872 837
317 720
804 198
331 412
119 777
745 362
571 744
926 305
726 706
656 469
509 57
811 627
922 440
483 706
146 910
384 39
276 125
349 577
469 187
279 890
141 885
231 191
494 922
868 838
775 250
501 923
997 38
86 783
125 875
860 482
669 260
169 375
871 674
800 410
638 699
532 12
533 309
157 35
674 237
498 833
449 387
910 304
969 852
754 142
741 68
846 582
99 479
318 191
891 107
520 313
190 885
47 39
18 954
455 403
459 852
613 571
155 127
819 148
434 138
531 264
458 4
979 474
907 719
406 889
290 660
883 886
278 234
724 398
148 706
249 987
982 957
698 656
92 359
438 927
524 820
83 92
590 380
3 383
962 908
482 706
466 63
144 455
71 660
681 736
738 499
956 318
426 721
227 874
874 211
948 906
254 177
241 726
497 684
496 889
686 258
104 602
226 748
529 581
146 867
846 452
774 353
337 439
941 464
375 564
211 591
719 751
262 36
911 441
879 501
683 310
356 86
618 257
566 225
215 909
716 694
932 971
366 11
630 980
186 757
386 345
890 641
921 462
975 804
345 189
881 467
481 973
522 941
262 608
194 388
468 701
522 784
209 623
860 778
221 564
574 104
382 761
644 126
829 422
239 258
984 177
969 547
199 882
311 596
94 92
131 210
614 791
395 601
974 703
666 539
398 527
922 909
524 841
727 946
302 107
253 967
915 486
762 748
882 847
563 770
927 197
79 236
634 373
124 971
965 11
125 382
82 952
590 664
992 167
379 767
328 47
951 89
572 786
612 967
46 697
283 778
146 839
980 686
413 251
188 879
453 746
202 810
684 90
668 887
928 748
603 426
507 369
159 408
954 944
974 311
872 345
66 304
472 583
977 130
150 804
301 712
916 347
975 824
688 458
137 84
263 652
454 996
522 720
616 139
545 145
359 601
476 731
442 871
649 211
522 675
59 350
507 923
753 999
40 854
921 755
188 310
388 272
784 597
883 78
821 614
255 510
795 119
912 297
16 382
199 743
390 952
192 95
211 346
166 583
850 492
98 265
428 468
139 457
802 651
487 441
70 227
932 26
182 425
408 406
145 585
239 409
187 50
558 39
193 837
603 970
263 597
323 803
370 896
864 13
665 304
901 920
816 224
64 581
408 669
953 167
200 133
589 405
719 822
319 132
30 201
602 799
860 360
720 475
42 763
264 162
524 407
301 522
341 557
267 902
930 90
169 756
423 59
263 466
162 916
217 736
259 903
61 559
371 619
547 684
602 100
380 346
536 778
557 652
373 527
692 405
252 668
751 682
754 250
147 792
378 681
834 162
341 466
783 239
914 10
248 710
869 620
157 5
549 878
484 823
628 809
899 883
847 585
403 608
579 539
84 155
655 342
719 306
681 207
102 383
956 983
478 375
49 321
413 736
36 917
403 830
779 967
317 924
871 341
504 893
178 450
490 432
128 723
768 139
205 923
633 928
117 255
766 708
842 188
109 465
903 495
962 937
858 886
822 709
698 991
880 982
332 704
828 733
741 620
211 709
362 827
346 420
388 705
614 69
690 685
802 851
988 906
578 906
586 637
440 383
668 438
483 419
712 171
968 821
256 145
241 373
204 383
59 580
831 162
155 901
837 989
142 928
734 827
895 418
657 724
685 325
807 10
373 626
554 487
829 703
597 323
85 159
160 74
507 869
697 277
91 610
293 482
702 6
479 395
961 408
66 828
456 832
117 671
530 30
914 129
364 72
649 884
163 507
514 914
221 354
900 323
204 624
27 937
417 949
753 649
278 90
207 160
945 511
785 150
753 538
295 829
888 767
727 575
357 580
123 878
183 968
184 986
927 473
750 852
715 563
55 50
504 738
976 753
880 296
816 330
945 42
983 982
766 450
362 908
325 280
515 427
276 316
105 837
637 367
358 336
984 991
572 766
745 214
395 311
453 757
826 113
989 451
167 779
812 60
869 189
537 74
589 302
182 912
355 648
651 983
284 660
858 305
803 656
954 780
132 448
560 395
505 835
638 724
553 854
810 373
368 668
720 193
683 897
1 820
281 847
51 417
455 195
238 177
609 803
829 594
782 344
991 237
490 786
999 663
998 814
929 789
126 769
750 191
146 89
130 626
972 205
204 807
722 804
122 168
744 643
892 523
74 390
277 739
995 786
106 631
343 870
736 642
37 227
684 866
520 131
79 856
932 599
309 803
936 83
700 404
961 928
926 946
697 862
202 260
295 801
116 322
152 857
932 118
116 914
572 973
669 388
139 138
927 445
168 119
348 28
149 989
872 926
146 614
487 715
275 555
121 639
429 334
604 124
110 493
497 984
906 986
50 660
755 105
519 26
851 442
713 445
107 858
716 580
328 669
609 764
495 275
974 281
873 167
