1000 4961
67 248
545 706
595 813
287 936
454 893
39 389
616 411
899 87
187 914
548 542
787 475
980 583
182 357
89 436
34 834
236 650
493 682
352 578
796 166
286 82
232 845
448 922
622 615
932 100
440 794
989 544
865 79
314 831
196 738
44 799
851 12
281 980
493 793
824 92
930 507
453 296
607 252
383 683
395 73
704 378
153 484
279 177
375 822
657 958
731 6
199 484
608 902
537 603
165 826
558 898
756 755
740 216
888 705
100 127
52 852
764 537
268 744
787 828
143 855
241 135
820 145
260 271
388 196
743 189
409 121
136 927
846 357
566 139
195 809
126 543
343 658
271 722
348 525
899 167
534 769
568 852
321 144
704 695
906 488
959 706
780 628
101 439
808 270
696 497
828 41
111 128
96 722
116 893
959 470
317 887
525 858
526 768
835 998
734 324
527 548
662 6
881 891
67 847
241 303
490 346
80 107
908 375
867 876
541 349
671 745
362 70
418 973
674 638
1 495
112 438
60 724
459 788
499 342
174 247
281 450
264 262
525 404
119 438
253 859
803 920
18 320
700 804
113 70
497 487
261 838
161 475
200 696
344 302
568 888
308 393
915 419
554 417
668 186
380 750
367 243
993 672
522 182
461 330
800 186
237 109
343 319
261 25
491 165
625 970
592 131
131 257
326 313
558 262
409 781
708 407
925 695
68 441
274 236
14 515
275 769
387 906
519 546
242 202
423 468
216 233
667 666
898 787
887 944
490 904
68 901
639 51
986 253
309 546
78 820
829 113
918 521
151 629
245 133
483 390
422 262
657 528
512 456
72 709
425 24
471 441
825 298
38 580
144 472
353 236
477 257
651 328
63 19
229 231
673 366
259 896
290 790
19 126
350 158
902 347
577 317
998 240
175 81
268 661
238 683
762 433
38 806
692 259
612 626
740 657
13 219
761 110
835 360
853 521
175 637
490 660
146 562
626 95
411 717
612 705
900 958
481 447
390 787
992 145
979 530
435 518
556 498
161 781
899 43
152 462
828 948
890 267
592 318
947 832
62 838
773 332
453 1000
274 490
185 394
153 830
101 720
944 420
998 235
374 716
30 354
587 611
381 235
436 61
183 547
121 939
330 366
995 478
815 546
210 639
779 442
172 248
874 355
729 169
584 687
343 19
199 821
972 609
496 260
227 225
501 61
283 358
561 92
175 188
326 843
582 320
132 940
911 616
131 487
459 978
666 230
152 469
155 509
545 258
49 741
29 476
766 634
931 643
733 222
18 536
956 43
337 312
684 262
280 527
102 204
854 946
671 24
89 12
517 333
851 727
640 425
626 565
20 315
295 308
460 130
208 939
210 630
979 691
29 840
304 260
463 764
565 97
529 640
808 746
952 911
573 357
972 74
21 292
976 416
26 683
850 828
878 452
780 945
914 624
503 365
568 170
142 125
36 298
294 904
920 615
707 106
946 475
817 929
555 99
531 728
888 964
221 997
644 150
292 515
756 104
777 677
960 707
501 237
820 717
850 263
485 900
988 907
612 623
574 162
888 933
887 297
694 475
91 362
87 79
414 606
628 943
535 333
757 845
708 182
315 576
217 947
281 907
598 407
854 88
804 306
766 949
327 56
735 794
663 660
5 308
206 666
798 485
619 245
874 119
453 586
414 935
967 246
453 963
864 33
169 59
766 136
631 31
523 441
67 951
908 167
655 661
160 274
215 130
931 341
970 303
311 910
17 179
165 769
228 799
392 80
84 177
513 728
162 318
572 907
908 548
6 287
280 827
281 601
928 556
28 964
822 514
804 313
822 136
474 753
633 350
424 336
560 850
885 856
616 226
468 827
999 341
307 582
518 148
551 219
737 302
283 292
35 712
351 667
524 831
351 371
874 308
604 58
843 665
129 257
537 700
39 404
636 37
733 472
726 182
28 951
604 169
746 264
734 406
221 846
259 818
518 322
422 119
225 297
524 720
264 17
33 182
912 685
345 988
406 760
869 782
29 598
28 113
257 621
635 720
451 196
65 528
174 615
672 658
343 935
432 609
905 706
574 746
291 220
471 783
112 367
191 147
431 296
388 703
218 50
388 321
281 265
619 557
646 835
340 186
929 56
855 741
470 408
734 949
200 620
184 113
431 736
899 298
439 125
723 635
45 998
524 797
569 721
947 652
434 457
697 437
993 439
537 963
459 467
334 523
706 61
45 119
407 624
943 546
257 709
39 955
987 815
181 580
270 83
829 236
761 603
798 478
102 524
434 234
102 80
861 187
950 806
935 547
796 23
646 231
557 109
686 371
321 878
481 248
668 153
984 165
152 622
893 629
410 46
737 998
592 148
222 37
351 739
387 112
190 505
944 205
764 115
169 297
640 246
969 640
669 687
932 614
587 50
538 96
370 229
688 535
20 238
405 406
63 582
586 852
752 111
733 590
274 629
527 817
520 325
557 416
375 783
209 306
711 358
545 732
250 833
489 116
556 700
623 524
96 167
704 113
101 267
150 905
882 214
616 797
86 582
359 171
493 367
16 536
579 494
402 970
918 601
741 991
996 425
392 994
190 53
67 119
662 892
592 11
364 888
811 695
662 740
899 925
314 606
410 145
740 483
761 303
83 588
525 148
670 498
359 450
126 475
655 524
200 419
326 594
428 894
204 411
327 960
539 24
634 406
912 246
289 840
329 497
314 976
514 272
150 42
55 546
68 487
983 197
68 521
70 840
930 809
199 876
72 37
365 975
117 483
796 277
137 765
63 310
428 292
304 213
21 207
472 716
785 410
146 629
915 385
609 62
442 985
242 407
156 37
418 300
100 508
559 664
48 202
185 445
740 497
343 982
362 998
109 378
474 9
292 48
867 444
649 625
997 219
543 116
874 384
138 701
529 219
160 477
969 492
199 393
435 520
327 163
124 402
867 250
115 83
573 65
726 745
785 853
474 510
242 774
664 162
973 307
190 333
702 285
905 83
227 356
391 806
363 891
468 717
30 716
972 313
867 550
57 447
21 791
723 900
667 915
428 101
35 883
434 905
435 45
533 838
241 315
632 365
594 257
172 98
561 968
268 93
543 712
605 776
748 795
586 322
397 393
518 510
940 530
8 136
742 536
321 839
996 704
35 228
643 859
346 889
514 167
388 338
459 753
246 840
597 313
980 799
227 891
928 742
952 590
31 401
511 45
39 319
647 497
867 784
662 87
15 801
49 145
655 922
839 468
266 995
346 46
238 112
614 606
170 333
118 880
587 613
431 747
701 477
622 218
559 121
418 652
255 354
809 357
248 532
118 739
409 680
448 923
639 957
32 789
948 856
382 611
644 431
293 327
6 542
63 731
69 28
265 510
138 628
584 71
117 625
911 526
552 400
519 626
294 15
186 856
976 927
941 2
428 539
321 460
263 940
253 170
583 458
779 243
330 815
293 441
593 24
593 739
6 759
189 589
118 843
999 523
732 56
550 676
850 555
790 610
699 596
2 313
702 277
481 887
723 240
10 589
261 680
144 822
640 939
377 844
700 128
316 273
830 441
868 244
372 113
552 354
451 815
824 904
742 541
778 420
2 319
221 425
223 910
668 163
605 823
766 607
413 493
785 204
397 371
881 890
788 658
899 68
29 658
355 802
338 278
935 767
766 686
433 855
52 194
980 974
550 10
956 799
112 439
57 615
612 410
461 732
812 708
428 368
873 946
985 853
602 717
654 898
122 721
490 324
244 786
755 434
973 471
520 621
432 697
691 303
870 203
835 266
656 93
531 590
52 992
917 394
204 350
886 971
667 639
692 48
178 471
252 50
911 982
488 512
181 122
775 170
466 7
811 520
560 349
906 876
466 474
269 893
619 273
966 407
159 663
809 562
485 394
527 709
314 870
166 719
850 372
298 386
65 437
156 652
305 614
292 154
626 112
733 41
190 412
627 145
449 968
132 635
422 94
98 55
407 576
545 201
36 50
69 342
969 773
342 769
751 687
920 22
867 377
171 36
652 782
451 225
535 806
981 401
469 678
972 287
594 582
117 837
499 237
743 732
559 563
377 1000
669 615
18 974
567 921
623 155
368 784
702 757
701 561
6 188
631 534
617 963
449 420
565 675
896 697
114 631
825 315
527 58
574 964
920 747
723 961
722 715
227 42
318 333
618 532
750 137
780 610
622 252
553 323
242 585
569 196
470 180
57 920
168 970
461 816
832 652
392 350
599 526
376 951
990 509
361 100
895 84
606 452
988 588
57 521
520 495
483 539
488 977
693 599
445 967
134 647
138 817
477 441
947 423
791 625
842 179
129 239
973 700
502 981
411 840
604 198
442 148
278 886
524 557
398 103
799 613
263 888
216 794
286 285
63 47
343 131
436 999
364 260
129 905
576 767
119 781
117 876
981 343
653 427
712 889
875 743
415 509
552 205
770 329
146 153
554 615
998 262
578 715
355 862
634 898
871 420
357 249
250 37
820 828
843 56
899 890
183 697
132 705
558 214
192 545
321 195
11 196
185 381
118 787
221 535
118 136
440 378
972 499
750 216
591 828
902 116
564 716
374 317
864 638
605 690
931 570
814 646
986 691
327 66
882 362
554 991
932 340
701 924
340 548
315 500
392 332
263 571
443 100
34 769
867 539
806 107
133 958
661 799
828 1
448 142
635 927
466 446
773 697
512 834
216 116
217 221
693 695
499 406
954 577
113 645
719 788
577 688
299 169
872 757
483 235
608 2
486 707
875 951
969 747
142 271
759 322
992 318
434 570
633 137
105 961
743 116
380 669
930 553
71 492
592 643
274 526
459 444
408 548
392 371
936 968
443 3
448 201
129 377
264 214
248 288
142 244
81 239
881 238
701 347
646 243
375 797
523 324
204 4
947 528
655 318
953 825
899 872
129 677
42 398
777 574
237 521
410 272
672 611
766 946
942 425
566 437
435 767
845 588
699 833
494 496
439 586
152 444
957 606
906 720
279 566
719 537
798 23
726 720
413 43
265 910
881 22
878 968
699 958
868 991
577 939
64 93
579 987
229 771
365 212
567 581
930 659
436 99
234 378
365 223
263 184
756 179
334 871
729 768
244 267
365 581
190 715
851 300
339 194
395 315
694 742
76 951
2 635
396 855
757 24
722 202
902 787
689 645
83 201
592 351
729 132
522 216
785 833
505 31
990 61
937 793
522 245
522 782
210 2
338 9
891 101
637 46
364 17
232 456
723 144
569 233
952 857
864 65
594 823
51 536
980 403
540 363
494 828
427 136
908 199
48 776
345 23
380 168
461 263
200 979
754 358
645 213
885 43
45 852
118 650
708 958
68 64
251 480
31 716
398 799
679 111
921 690
459 735
633 760
720 580
172 345
742 128
138 18
413 577
527 856
241 919
571 357
627 695
131 708
892 997
981 395
906 706
513 393
545 547
803 86
343 369
548 997
291 887
735 880
663 670
702 54
891 40
561 24
284 833
710 54
182 452
434 885
91 329
382 135
533 333
916 443
504 921
632 83
406 322
465 585
814 677
945 778
124 188
373 93
472 506
540 70
386 794
556 164
756 937
812 62
104 54
483 7
564 687
65 831
60 946
913 180
197 360
843 871
551 46
792 50
899 911
986 454
464 680
66 989
945 756
32 977
483 336
695 384
899 934
502 604
523 629
21 876
53 99
960 125
265 696
962 273
780 296
637 145
33 728
185 355
931 684
90 84
401 924
883 615
550 212
701 383
646 223
133 56
820 230
215 64
287 153
664 1000
340 73
336 460
2 27
598 145
520 580
188 389
7 213
542 303
656 4
488 193
8 700
146 635
146 452
129 847
422 771
777 379
740 492
479 88
748 467
998 411
488 80
513 596
382 507
361 857
829 903
973 760
390 444
301 730
488 810
503 802
503 71
13 749
380 262
808 180
370 306
6 667
868 66
867 986
317 570
908 67
693 430
875 583
738 933
661 460
718 997
785 645
921 645
483 425
6 127
853 969
782 922
327 639
35 70
885 593
770 495
129 832
388 287
98 570
597 366
784 385
173 543
192 833
451 278
16 873
825 517
700 717
663 2
428 374
522 447
904 691
248 333
790 373
301 776
412 269
192 165
663 249
461 4
899 805
899 504
305 50
244 716
873 386
983 264
863 891
554 885
58 254
132 214
175 469
388 120
941 329
726 234
32 450
473 791
427 379
755 719
326 105
125 975
310 792
369 380
973 387
81 64
317 447
410 60
9 121
431 636
251 422
434 381
307 793
272 506
291 422
502 554
12 676
204 394
811 242
560 728
868 993
337 164
409 823
138 677
694 813
92 349
494 327
78 518
632 985
120 910
67 905
339 236
835 903
915 325
275 852
937 441
183 402
39 425
265 490
996 327
688 219
579 707
946 697
637 83
51 880
785 882
797 403
822 207
865 847
901 793
21 356
668 737
127 426
190 357
572 938
882 975
91 317
559 175
349 50
189 56
483 330
746 678
14 224
214 549
801 815
913 226
363 311
294 625
825 59
499 398
647 203
334 265
736 876
40 123
361 884
451 920
255 268
604 228
159 840
146 972
419 13
330 7
220 810
929 691
6 96
120 4
335 732
998 308
211 994
508 974
474 112
754 213
866 36
633 791
189 134
83 306
216 679
305 231
307 528
200 11
255 645
181 546
636 411
435 407
326 107
468 367
234 278
680 79
436 400
718 252
631 400
960 207
229 940
505 742
706 525
817 939
976 626
88 95
955 714
26 842
522 887
444 583
304 685
283 963
176 410
259 998
754 665
832 758
28 5
661 322
631 182
996 196
905 214
134 512
946 570
104 425
654 300
140 735
942 458
915 675
110 533
189 281
629 460
206 439
961 288
317 59
729 116
299 697
299 581
620 590
234 273
839 929
915 528
805 738
607 389
383 585
630 357
206 923
190 113
854 456
849 421
911 51
473 35
143 528
368 263
938 712
418 638
281 932
926 590
449 90
711 795
195 618
255 570
953 167
666 139
602 297
947 526
696 8
599 934
928 581
965 802
692 622
820 541
666 964
455 437
681 590
422 936
283 663
978 248
617 840
427 201
85 413
358 286
489 477
181 319
787 844
365 125
511 994
6 625
502 926
171 204
227 315
812 831
85 723
980 717
985 272
432 688
633 117
279 826
932 403
365 14
113 384
976 872
122 419
486 137
522 889
779 893
10 24
284 20
620 926
89 244
16 820
327 86
681 550
918 256
976 332
388 925
81 421
119 830
889 971
376 242
842 590
654 883
364 524
861 842
861 309
217 942
184 836
905 457
850 60
667 177
412 259
941 509
816 815
138 506
341 721
13 852
264 196
471 665
185 650
455 180
20 311
757 58
860 123
564 92
614 38
451 884
321 600
412 835
783 447
734 636
20 572
511 120
587 22
632 842
865 701
633 834
462 201
482 878
337 622
138 220
708 523
947 136
906 239
307 361
834 960
291 483
592 228
779 310
314 509
651 323
22 763
345 937
841 601
507 971
770 420
110 100
290 815
220 442
443 381
387 155
387 366
331 795
726 313
428 876
214 13
342 54
431 896
129 315
572 164
649 394
902 820
282 677
533 325
908 11
787 791
851 684
947 471
345 195
551 968
787 714
661 120
185 362
242 896
811 490
650 606
996 361
326 828
855 438
947 145
587 323
967 306
143 289
623 828
628 970
574 522
647 458
733 425
279 236
137 389
653 596
376 768
609 470
242 969
41 500
993 647
189 932
625 296
102 949
577 12
409 715
488 116
957 730
762 524
296 739
232 665
78 756
105 749
802 371
694 88
670 201
183 477
994 747
666 408
945 726
748 958
639 354
334 580
510 231
455 599
847 826
538 623
208 134
43 650
941 546
377 500
670 565
72 526
431 564
215 278
973 145
405 319
902 728
802 344
746 64
825 859
947 961
489 376
824 319
274 365
423 541
519 512
556 782
334 382
217 899
266 51
752 24
118 768
417 626
311 495
55 858
773 27
349 974
558 565
570 786
636 792
317 826
355 507
854 661
46 982
50 87
251 247
785 8
200 386
456 87
426 297
664 17
938 550
740 337
761 249
872 991
255 591
138 856
998 921
895 573
140 753
143 618
748 522
770 344
330 893
899 401
314 659
565 267
777 691
433 937
517 201
145 763
824 657
537 724
221 778
789 93
458 25
186 386
738 695
615 517
304 751
139 373
486 763
405 10
397 735
566 799
914 737
402 682
899 335
918 249
443 219
134 253
390 139
206 487
268 588
657 62
397 869
566 581
161 815
174 433
414 121
19 258
885 158
646 535
694 936
155 927
392 379
746 598
538 904
654 285
954 737
193 165
443 591
171 706
577 859
941 933
85 776
653 155
674 311
451 543
998 946
273 697
863 793
954 39
740 702
942 797
418 310
672 438
908 47
251 737
199 707
482 487
824 43
92 716
199 680
661 44
862 589
39 719
363 902
940 389
505 635
8 24
262 840
946 450
928 29
766 41
255 783
91 749
590 826
117 357
761 116
264 828
17 548
587 77
71 180
850 919
554 325
883 613
684 123
597 473
633 50
392 523
890 22
470 295
380 533
633 994
15 166
953 699
884 338
689 209
524 419
304 620
468 910
820 55
513 601
92 715
255 9
552 806
98 340
63 913
872 393
881 627
620 638
418 24
199 566
807 93
98 949
865 883
456 838
742 41
623 309
928 159
783 219
602 855
34 232
822 113
855 385
608 205
189 407
916 864
849 738
33 458
100 182
337 556
171 783
504 385
181 315
804 705
343 199
572 914
859 393
96 821
405 53
482 466
634 727
592 324
431 608
948 235
605 491
591 148
402 806
352 970
759 716
548 147
446 781
801 479
987 855
109 951
785 805
737 311
350 515
708 687
761 467
603 186
959 570
726 366
671 236
801 5
140 991
188 4
605 706
797 64
352 606
993 478
380 621
572 615
662 732
557 576
501 979
451 9
906 456
339 329
762 97
876 27
729 109
471 395
555 476
773 429
956 456
626 955
691 420
63 205
798 447
172 227
820 968
819 576
986 11
575 951
756 45
22 244
8 760
197 837
210 876
724 963
194 722
818 440
422 640
361 768
391 931
945 271
57 141
661 836
441 379
78 64
904 967
868 408
482 632
653 756
193 715
766 839
730 108
723 851
503 320
551 515
916 886
993 108
701 659
134 65
979 317
302 728
269 433
287 22
698 452
820 517
607 83
350 804
305 229
703 853
874 35
586 276
695 452
414 636
639 317
948 249
787 262
445 273
163 544
89 831
784 95
382 192
979 783
78 811
780 689
620 158
949 915
949 939
567 108
435 87
966 542
113 974
592 306
929 520
794 207
633 93
613 580
361 346
390 71
852 847
784 41
871 744
217 856
949 407
843 700
932 855
94 957
610 202
609 818
684 95
577 51
931 409
67 480
282 914
796 640
115 25
565 611
237 939
127 732
221 348
176 164
370 12
22 974
668 336
542 515
691 826
999 845
765 544
640 76
141 582
42 638
127 22
227 889
486 917
24 951
723 704
283 372
560 889
906 886
247 487
321 894
228 500
271 600
551 239
74 738
75 438
831 79
464 375
742 542
486 569
265 853
15 679
395 716
425 917
194 675
286 582
977 270
683 656
861 543
671 360
234 10
605 606
950 943
159 484
773 408
612 688
684 229
851 249
619 814
569 917
305 858
34 293
138 242
364 323
40 964
493 790
279 589
742 346
810 306
62 373
250 968
448 441
262 79
340 308
361 22
723 834
608 716
456 254
171 1
828 970
616 422
10 157
854 522
818 235
251 547
801 596
803 344
552 3
696 48
220 177
718 432
476 43
294 932
578 968
206 825
615 24
262 576
743 583
980 965
822 809
587 244
36 411
683 79
221 430
556 458
574 498
906 745
625 329
708 285
49 709
812 28
179 403
471 843
134 340
981 735
358 365
90 967
364 124
515 452
989 389
828 472
321 308
633 112
66 409
524 270
265 404
193 727
432 297
28 998
872 476
986 988
916 733
700 130
683 186
576 400
685 338
633 225
355 582
279 513
299 888
673 480
747 153
287 447
865 491
434 618
74 639
271 315
476 356
239 272
661 393
622 921
779 354
543 197
176 957
867 315
31 525
555 763
554 897
96 228
350 147
888 790
405 204
364 680
653 100
525 715
766 684
267 297
434 771
261 416
36 83
463 92
259 481
778 763
868 110
855 727
281 826
104 830
413 194
584 882
240 907
199 252
571 319
312 427
80 721
264 526
463 246
542 378
670 768
869 101
126 963
341 658
252 823
399 725
117 428
347 678
331 416
126 99
633 347
373 961
442 358
395 402
499 533
654 907
54 510
790 308
132 839
154 429
189 914
614 520
614 93
19 708
374 753
837 231
766 727
877 848
750 422
988 373
952 782
220 239
922 145
220 897
518 472
719 818
206 302
761 386
577 837
337 16
890 230
465 752
69 904
15 225
782 523
860 721
859 536
455 730
75 645
928 701
685 324
502 487
597 418
779 259
134 949
507 273
839 880
90 292
382 446
916 37
245 51
138 360
657 833
734 835
459 468
625 960
75 9
534 975
976 578
448 114
533 943
619 596
746 84
983 730
895 995
15 398
293 744
592 268
442 751
556 802
703 93
411 46
190 693
122 922
139 328
501 498
855 886
126 567
723 802
842 988
537 794
419 213
761 705
850 841
210 530
139 530
873 563
743 159
535 498
913 693
663 223
521 404
791 433
133 838
705 333
869 76
141 508
747 285
623 61
399 584
143 775
239 722
294 76
52 372
723 801
98 859
100 30
706 476
160 859
906 369
869 880
714 523
702 190
369 958
668 822
632 591
190 194
872 94
931 553
639 407
142 974
949 454
931 124
220 108
916 753
131 46
441 727
189 646
153 93
742 297
193 505
563 742
985 402
215 427
197 876
162 645
626 795
733 533
383 858
307 443
183 890
337 372
604 631
619 79
375 236
380 657
486 378
415 928
632 548
851 561
662 788
772 103
477 82
54 621
960 180
155 111
779 677
340 161
68 110
78 424
16 961
255 36
505 411
406 683
494 373
276 936
819 940
282 685
684 903
602 687
190 958
71 687
554 497
431 256
259 106
558 914
754 525
524 115
430 760
251 241
345 974
489 804
832 329
94 772
431 803
266 925
634 111
983 442
191 70
954 710
196 487
585 500
246 484
72 1
485 162
642 149
632 668
916 990
701 320
21 515
383 643
334 129
762 862
125 336
226 967
305 567
51 576
251 479
141 340
861 538
511 883
240 76
40 377
594 960
850 342
100 552
174 819
637 425
801 539
731 275
911 714
335 783
185 525
847 7
116 51
118 577
374 266
524 119
162 295
881 712
181 751
220 17
494 79
918 301
846 830
425 648
49 557
843 826
499 592
238 611
397 328
779 13
690 672
531 262
346 919
934 650
573 757
850 922
796 309
63 859
156 148
727 288
345 943
879 56
516 907
574 139
531 496
828 896
946 130
987 978
569 307
789 333
110 600
20 253
242 624
666 261
260 902
388 889
577 937
193 10
874 416
29 420
998 974
69 194
568 42
471 153
329 474
417 251
556 878
152 231
684 386
579 618
563 804
654 88
846 378
718 576
807 586
923 995
984 73
619 320
987 609
916 88
862 675
388 653
294 746
832 141
242 317
561 17
906 431
302 225
641 937
442 864
6 119
612 139
725 773
389 457
870 105
874 427
945 585
768 665
640 590
800 946
864 50
518 30
62 319
373 325
572 730
32 329
160 894
893 484
120 228
270 247
471 7
626 225
19 53
311 580
391 292
702 641
791 261
633 766
742 381
444 400
889 722
631 472
43 452
335 889
414 694
953 698
164 378
442 971
422 109
860 670
687 14
860 312
369 31
662 174
489 122
269 929
841 544
330 772
811 709
316 855
280 368
669 234
706 532
275 617
410 514
983 835
987 260
6 245
988 544
365 510
292 546
518 845
888 789
755 970
813 128
137 615
561 562
984 638
91 137
748 270
586 113
584 389
754 37
609 379
455 856
973 261
612 91
333 27
463 715
65 776
714 628
873 62
90 665
233 324
766 382
15 772
841 5
162 133
330 700
666 818
331 400
631 516
794 590
635 596
669 957
843 967
114 101
693 380
472 771
877 58
644 826
591 904
496 631
906 151
211 183
467 490
981 423
146 474
569 439
398 267
227 263
734 161
574 672
496 575
740 136
64 589
779 610
634 950
211 36
673 81
653 437
965 462
930 352
337 707
623 648
275 835
185 884
636 33
668 300
227 164
897 720
96 409
746 866
449 98
777 602
312 450
31 610
309 475
310 475
554 784
829 788
519 184
414 90
619 385
692 73
948 243
723 887
92 730
421 93
632 425
243 831
778 453
279 301
601 145
391 602
316 546
560 632
671 767
392 904
171 601
448 905
141 468
414 71
860 760
734 781
494 863
300 704
872 705
733 106
637 95
837 50
808 266
843 791
294 77
496 788
647 508
64 3
63 245
321 510
49 721
881 361
785 229
490 357
660 121
473 593
632 432
883 252
501 765
228 958
945 930
891 551
731 619
237 648
736 484
424 783
725 121
32 555
697 724
802 329
424 846
414 515
19 81
293 237
314 809
739 437
705 79
543 308
686 65
906 942
135 272
670 336
980 787
214 838
412 557
986 336
561 635
694 586
453 893
270 240
222 515
443 833
444 555
376 209
411 495
584 608
200 468
471 948
94 732
60 852
442 395
188 691
513 977
321 939
102 559
620 150
731 445
841 794
473 349
679 783
684 635
938 842
26 983
479 147
867 970
418 738
191 239
67 478
585 202
86 452
16 187
52 732
121 732
609 842
866 184
499 897
272 732
337 527
193 324
67 111
804 809
432 736
623 788
857 214
240 995
72 460
754 157
576 306
579 799
945 440
857 852
768 9
196 921
850 64
563 416
746 113
321 535
857 709
594 904
364 697
823 919
38 830
511 268
816 54
440 552
524 971
962 226
66 920
12 636
984 821
713 876
435 213
449 510
20 87
679 917
761 804
996 328
376 112
102 767
766 968
757 749
732 322
346 133
865 265
758 652
666 135
453 286
26 173
634 70
463 144
430 747
156 115
636 664
195 440
575 444
133 93
344 776
53 58
364 443
936 76
366 51
21 33
168 555
292 856
677 7
281 240
889 108
64 588
229 398
98 175
274 769
791 546
342 989
861 238
401 13
609 288
574 950
169 934
132 474
387 856
131 214
875 395
984 828
513 58
642 405
146 398
883 46
370 538
646 323
740 58
559 157
266 73
429 968
153 613
620 477
496 14
535 815
20 205
993 309
392 791
921 93
399 83
144 514
641 324
279 855
185 960
314 620
560 719
209 720
11 76
32 258
711 137
161 533
655 59
805 682
221 669
538 186
499 160
63 640
282 508
86 794
304 284
568 344
382 493
382 37
829 617
442 589
493 203
184 288
779 269
102 745
161 27
750 325
171 815
518 352
733 521
955 76
39 295
573 928
206 198
281 173
338 381
48 224
908 382
361 548
695 157
531 704
343 752
550 177
164 1
415 159
771 974
574 742
522 45
917 606
522 5
316 324
866 749
875 935
193 567
893 308
689 71
159 656
497 536
146 369
865 229
685 306
26 81
706 258
502 828
66 997
124 230
15 113
256 27
755 73
440 157
132 179
761 831
959 709
429 826
711 786
359 441
987 106
69 799
899 595
94 357
294 470
144 365
633 355
501 888
581 3
639 198
514 806
551 751
366 452
197 715
351 239
8 223
874 792
410 581
31 749
802 835
160 266
307 918
407 650
900 478
710 888
577 789
405 530
942 106
726 151
732 720
361 822
221 828
435 619
612 717
518 948
44 767
304 528
62 624
154 753
210 1000
430 500
178 117
768 520
126 88
185 29
684 815
828 708
918 759
630 333
996 243
651 325
980 66
835 961
655 960
568 580
176 127
733 652
40 936
316 198
756 699
594 137
867 61
596 613
538 626
305 516
984 308
647 308
269 876
471 101
456 333
305 844
2 41
280 144
49 574
595 474
631 957
559 192
115 781
389 600
29 843
746 372
192 128
161 581
566 776
805 64
396 682
628 889
682 285
810 470
811 492
98 452
449 377
634 687
689 325
673 52
468 182
307 710
470 150
841 514
918 258
165 295
754 699
258 180
811 381
511 267
109 103
472 769
766 638
31 468
624 147
255 789
399 592
225 656
990 813
718 182
482 278
616 354
913 400
877 609
871 876
701 283
286 617
947 433
146 913
607 44
554 757
920 845
761 404
390 886
185 520
407 763
29 836
102 826
134 144
255 423
126 251
915 927
788 407
189 222
554 628
938 81
846 940
911 819
869 882
446 925
875 832
186 720
732 207
861 802
382 464
57 500
913 466
95 596
350 228
334 674
978 75
869 125
743 258
357 478
567 925
879 834
200 492
842 935
367 469
268 216
909 940
670 691
156 367
835 521
86 551
751 970
930 322
470 532
446 425
539 285
366 61
196 936
68 997
414 578
880 61
220 680
310 659
191 228
756 967
302 478
722 691
870 613
539 298
890 106
628 353
850 371
897 95
967 648
354 536
415 170
328 4
770 423
48 241
96 922
794 289
447 715
834 136
701 713
191 976
214 752
451 222
568 36
260 622
931 398
915 313
990 799
505 330
132 803
104 806
614 325
243 970
464 408
210 363
622 368
729 458
159 935
141 791
399 792
861 221
886 207
706 180
870 789
433 113
563 847
359 325
640 927
290 776
895 266
577 959
810 451
274 675
904 207
390 324
134 905
411 961
877 78
218 822
809 576
404 224
829 214
678 515
48 186
374 870
348 433
252 103
531 161
143 240
18 533
842 937
196 678
449 523
633 958
386 297
686 357
693 924
655 853
105 982
555 509
180 107
143 97
291 168
573 322
433 484
387 6
461 51
513 706
780 28
467 308
895 796
171 720
900 243
960 182
848 521
210 750
851 516
579 651
669 933
156 712
631 940
534 749
144 332
848 407
878 917
479 99
442 944
424 144
893 235
731 485
558 456
851 757
85 473
329 403
68 403
72 55
200 513
456 214
129 539
810 147
896 43
577 164
614 99
559 427
64 907
755 45
693 997
342 107
422 526
662 639
735 95
314 786
370 151
651 433
815 536
530 360
448 111
49 487
884 198
547 951
415 240
697 441
843 182
990 616
916 669
494 76
646 258
79 840
451 416
50 744
467 960
453 490
729 259
984 565
149 325
802 951
383 454
918 685
758 182
479 484
372 290
84 500
153 576
748 819
15 988
181 452
458 532
990 325
978 373
755 917
431 158
377 14
735 969
694 130
986 635
511 932
972 816
565 308
524 627
597 317
579 744
710 258
485 634
783 7
253 323
734 563
664 523
755 1
132 993
494 392
331 806
734 832
902 915
653 833
813 831
232 194
693 640
604 509
270 25
625 491
55 610
424 158
443 938
226 278
120 781
979 771
652 730
568 629
878 168
753 964
54 446
220 357
293 105
352 480
558 735
851 22
5 880
652 946
780 442
957 939
602 182
756 225
72 436
748 303
757 901
879 940
320 926
870 378
229 541
911 396
987 631
415 230
914 707
844 763
349 179
204 205
867 298
192 596
392 885
725 285
283 230
841 409
625 618
784 544
567 224
626 809
700 621
899 103
893 212
104 939
540 371
959 1
851 648
319 491
446 826
984 381
241 921
474 320
218 957
993 497
498 378
498 720
265 179
176 250
358 141
984 748
965 438
89 469
159 862
117 323
754 84
174 813
121 776
65 793
500 515
800 852
891 728
696 933
937 25
168 346
844 37
413 883
166 450
631 175
8 423
652 880
192 73
526 809
832 316
215 921
914 855
754 300
653 559
183 240
331 933
192 145
657 311
48 93
364 911
106 786
784 353
949 937
877 188
473 782
364 478
844 267
316 679
499 180
317 133
708 925
485 73
175 598
389 919
785 262
217 273
129 378
461 80
849 158
777 585
886 37
392 126
463 829
233 318
503 751
380 429
493 319
701 421
972 862
596 378
501 852
559 685
789 880
303 249
984 529
380 87
387 546
312 239
790 302
701 278
973 574
977 65
470 557
977 301
998 940
485 444
485 887
397 724
199 386
418 58
879 236
240 715
918 66
619 926
593 120
902 678
638 389
595 340
711 920
565 61
127 240
455 752
972 478
331 302
556 720
98 47
578 440
524 535
762 6
210 459
319 650
635 235
784 177
415 645
932 457
872 231
591 475
352 889
574 948
520 715
814 312
428 88
673 786
931 889
52 329
489 657
780 806
771 7
148 303
377 903
84 943
171 77
559 492
981 724
482 41
140 110
305 380
218 224
335 421
280 601
466 207
444 769
502 157
893 547
693 390
305 461
414 185
931 273
400 786
419 14
19 968
292 604
169 384
78 202
464 170
592 230
723 580
747 745
930 500
493 892
947 41
829 738
62 548
232 923
708 212
356 961
861 75
531 693
337 738
163 130
386 600
989 733
133 332
559 501
541 236
637 256
585 727
486 995
74 923
357 709
962 545
551 581
519 555
649 403
78 535
762 921
68 598
636 5
322 93
912 400
968 130
291 557
698 119
455 155
274 878
395 457
494 888
816 539
377 427
265 958
345 184
39 858
931 487
470 14
700 921
459 624
738 356
351 550
545 797
154 859
746 426
933 720
945 590
624 675
930 638
418 555
945 358
446 400
510 747
778 978
496 763
902 354
996 86
743 369
726 988
69 567
331 103
415 607
548 715
660 336
832 769
339 721
227 791
353 951
185 345
444 490
49 523
45 44
160 364
159 492
604 546
381 332
784 919
955 389
666 103
26 848
387 538
485 883
300 233
282 364
375 473
488 46
877 556
397 279
806 744
785 693
572 377
122 36
633 345
689 596
227 533
597 343
449 645
674 86
505 974
877 121
255 224
858 562
816 371
404 590
151 857
900 893
953 755
964 840
616 153
292 635
48 325
705 741
729 52
579 220
172 542
779 324
178 309
51 997
676 705
867 570
364 131
990 91
22 386
633 702
118 461
651 901
835 781
161 783
988 149
374 588
352 222
255 885
307 333
900 835
813 30
797 484
856 202
527 122
71 767
180 308
367 441
327 888
178 846
891 37
778 403
899 272
269 882
731 413
220 922
367 46
467 741
451 250
996 43
778 36
191 267
569 963
927 840
654 912
342 598
310 273
554 659
994 724
464 150
725 356
124 244
211 332
211 899
89 99
284 234
434 447
604 890
307 362
972 758
343 47
442 463
496 806
740 423
210 788
597 853
873 308
912 734
143 617
956 767
346 578
535 596
782 170
21 68
406 871
557 936
366 244
908 124
423 320
196 788
359 712
344 95
470 856
571 800
896 613
435 903
554 523
519 527
956 171
761 863
81 234
482 328
459 852
543 982
181 754
451 437
468 509
417 613
114 70
75 475
148 385
132 162
729 782
150 650
762 44
228 267
525 982
965 196
90 251
307 371
110 581
164 441
938 429
889 893
632 378
464 697
928 966
670 561
55 997
654 271
801 873
968 924
201 933
842 957
215 809
845 532
723 757
388 797
688 193
302 258
176 741
706 389
486 637
268 640
986 925
91 409
29 620
609 324
829 566
922 645
192 351
428 336
503 251
142 610
364 894
972 661
499 104
808 846
245 769
121 472
351 190
365 257
68 782
896 903
207 420
382 465
58 958
559 613
762 941
505 439
253 529
146 886
238 179
435 915
78 25
703 997
607 29
232 884
891 944
465 57
587 532
367 378
935 892
883 567
455 886
6 592
649 844
638 635
463 821
31 167
63 272
860 695
773 219
555 508
511 431
152 441
189 321
248 771
372 300
392 61
565 230
215 443
418 324
115 648
96 598
499 745
897 747
392 802
446 707
800 462
451 650
983 509
159 809
725 237
181 542
132 482
865 168
167 645
131 828
996 547
261 27
543 62
649 97
30 135
499 922
620 675
569 599
215 708
201 749
453 516
641 411
348 510
424 396
899 253
579 756
873 73
582 611
605 620
414 586
74 571
364 222
865 455
331 495
330 914
857 712
227 686
779 237
51 690
930 115
72 162
949 320
236 288
642 575
20 834
664 27
726 310
757 317
595 517
541 705
29 524
194 182
980 969
947 931
78 745
489 31
200 70
588 919
992 957
196 751
261 585
405 585
47 535
428 763
347 887
819 336
993 131
954 34
275 992
817 128
595 887
18 273
979 589
156 237
428 357
765 687
108 809
237 971
202 709
414 195
388 275
703 818
616 161
932 264
637 42
286 680
253 246
491 552
440 589
312 770
556 395
591 585
918 683
878 240
867 858
418 569
780 835
470 552
305 914
527 539
329 910
189 472
366 958
98 158
834 266
482 143
674 246
972 820
108 606
913 748
53 235
203 799
846 119
920 682
391 245
141 344
891 19
173 772
885 539
572 918
663 130
738 394
923 88
641 329
267 56
766 452
52 367
861 773
662 862
849 965
573 572
521 123
463 994
979 893
636 381
410 512
11 450
930 226
255 390
932 240
626 903
642 897
259 403
577 188
867 541
777 338
669 694
800 744
375 120
677 201
893 333
491 705
591 884
368 621
759 278
872 768
981 776
185 648
849 536
345 896
507 145
161 838
491 59
553 452
229 43
556 490
132 64
260 65
440 951
172 483
962 506
989 235
637 753
166 368
654 703
604 510
860 477
688 460
668 520
997 793
801 476
877 841
34 143
891 137
721 831
366 509
331 173
167 244
603 400
8 323
461 407
409 721
908 571
232 300
103 934
97 695
876 793
626 580
716 403
166 770
189 269
227 765
981 785
62 797
639 416
548 974
415 682
414 678
146 448
608 915
865 892
791 394
632 316
740 549
120 709
101 460
191 697
908 793
211 955
299 707
825 512
234 638
294 590
97 202
96 958
208 83
882 122
779 524
969 350
163 495
891 544
1000 809
234 318
895 104
326 328
842 561
347 440
668 630
97 624
612 484
206 455
479 175
353 580
483 891
908 562
736 690
569 321
778 585
931 806
808 785
73 581
467 893
756 462
39 962
498 458
499 488
725 889
48 328
445 295
275 575
67 99
394 145
28 914
434 495
454 3
89 824
913 737
383 111
220 643
374 147
206 225
120 783
428 107
957 82
822 970
714 195
702 889
200 431
117 623
238 107
183 596
900 103
896 498
480 378
227 576
78 55
73 303
710 31
160 466
414 61
881 802
326 651
879 230
183 352
294 813
354 495
875 692
392 603
118 746
800 765
69 936
30 678
507 55
309 975
626 3
699 347
571 645
185 319
612 549
99 970
240 971
171 771
802 13
587 251
346 177
491 629
592 14
223 926
296 306
301 332
338 407
160 949
126 821
101 153
567 113
493 794
955 147
34 990
614 180
941 615
139 788
906 866
105 94
89 616
73 83
956 532
221 123
556 834
668 991
80 933
524 974
134 829
891 309
106 720
431 149
731 915
58 799
809 61
735 630
684 81
315 107
80 751
134 635
796 666
90 624
912 306
342 254
566 595
841 56
348 676
22 760
901 720
867 320
762 701
279 637
29 949
746 444
89 704
736 517
553 177
899 902
755 167
370 831
534 393
812 905
753 256
100 907
673 9
229 745
931 844
623 130
661 934
143 852
554 557
591 373
543 537
641 794
646 421
762 927
227 991
818 230
485 122
711 42
586 128
325 438
656 826
418 165
846 70
183 487
739 421
632 233
757 510
707 249
104 279
503 177
945 937
417 123
495 961
806 128
58 450
421 313
577 998
402 33
835 93
726 107
502 510
770 753
327 603
805 734
257 917
849 486
954 145
818 441
279 747
619 610
330 903
512 7
531 805
151 524
206 58
868 447
390 730
284 550
339 254
485 99
909 822
712 462
778 433
293 816
682 295
688 2
337 241
102 163
780 621
696 525
616 732
911 530
181 203
387 636
20 207
918 266
701 549
152 948
318 357
326 325
346 61
440 517
413 828
612 304
945 58
299 596
229 437
672 741
270 258
127 320
953 457
58 121
275 693
39 451
208 368
723 252
651 62
926 547
449 429
281 575
144 802
342 581
236 517
94 924
869 957
756 297
125 656
171 430
633 239
932 256
980 817
674 330
549 515
825 880
639 741
510 640
901 880
494 446
960 590
501 823
210 251
504 51
66 193
189 789
945 208
931 658
178 694
208 472
372 187
743 674
376 425
837 319
711 128
15 259
401 871
381 542
166 335
592 963
141 803
758 421
620 566
8 169
444 815
660 147
875 974
305 811
415 724
983 768
990 553
331 784
26 856
702 37
193 492
708 520
124 426
198 426
141 848
700 936
363 152
866 630
595 44
577 969
525 222
48 883
286 722
414 504
787 232
607 358
773 319
422 360
80 95
189 595
154 96
82 517
211 113
129 329
174 488
658 7
471 661
296 111
610 441
35 87
221 578
850 949
373 615
209 398
190 696
211 478
493 440
833 744
311 530
750 31
456 514
221 286
348 394
991 997
631 232
98 628
190 523
216 792
913 409
415 185
195 856
40 539
166 79
685 203
116 525
905 205
892 353
85 117
12 315
324 562
331 157
494 571
649 317
898 492
280 440
300 510
428 203
92 289
949 82
751 303
401 420
537 887
609 322
293 41
422 553
740 772
937 516
137 687
283 463
263 742
984 677
433 97
269 763
71 356
718 801
258 332
594 618
638 836
872 838
616 539
807 121
286 845
234 95
489 749
334 354
382 431
220 30
646 107
20 308
190 840
163 728
46 827
908 333
947 258
643 582
678 438
20 805
90 459
169 51
351 256
631 7
173 182
66 400
854 377
485 705
434 153
556 386
164 167
52 897
293 844
368 712
730 939
918 933
192 562
558 219
993 739
449 582
214 797
747 565
141 386
566 769
755 747
864 700
117 628
498 982
689 742
742 93
338 25
865 357
619 424
801 752
514 926
824 485
144 354
795 99
587 398
854 891
850 124
689 631
860 261
780 855
725 691
654 279
158 213
698 655
92 658
310 2
292 521
52 659
607 363
499 199
941 484
191 623
855 354
692 128
397 593
761 955
735 407
807 10
718 46
422 603
39 672
869 130
28 588
818 768
948 108
895 872
269 749
945 646
610 136
867 909
689 162
483 127
376 163
284 116
832 183
435 874
718 279
900 747
424 164
995 24
209 659
698 676
48 714
881 357
433 170
803 55
382 170
680 544
923 922
184 303
268 234
738 704
6 343
284 429
33 893
674 229
633 775
109 596
327 265
183 516
241 517
494 266
422 487
886 536
632 615
327 979
542 308
238 323
569 711
343 52
593 524
864 773
60 974
295 618
539 133
633 149
483 794
259 133
690 289
227 266
447 840
112 922
978 128
618 288
953 542
644 758
386 437
962 852
634 553
139 384
656 315
743 217
399 100
560 807
762 879
730 588
842 470
450 403
220 500
89 946
962 219
406 4
348 905
234 498
259 638
573 779
761 890
848 617
190 497
409 59
746 884
527 836
659 586
768 827
200 762
440 991
537 311
331 487
481 547
388 41
944 970
331 699
897 974
111 457
52 353
35 491
895 314
678 958
327 36
862 508
717 924
333 951
5 288
586 458
834 815
546 997
564 452
798 615
693 557
470 35
850 443
98 622
159 147
925 961
683 933
723 656
425 520
176 100
875 445
967 926
649 203
608 202
38 315
376 116
118 384
109 61
191 348
49 485
32 864
262 781
846 231
792 858
444 213
449 872
870 245
195 550
414 883
768 119
473 136
364 348
238 904
352 823
120 776
428 14
673 236
599 353
285 254
50 536
531 177
39 484
972 920
663 99
446 600
556 836
280 45
872 943
9 228
871 508
723 684
449 752
214 394
698 79
789 116
57 683
242 835
21 917
759 273
941 142
710 543
725 220
998 266
671 368
753 366
912 471
271 695
127 150
993 284
102 300
811 312
758 961
482 795
410 44
126 768
843 386
931 706
566 546
326 136
110 165
442 832
846 722
825 603
501 744
920 618
746 591
746 24
877 569
160 453
783 658
171 921
200 561
654 303
238 514
314 691
151 722
188 856
540 485
473 458
318 97
467 809
505 145
175 578
674 690
696 817
949 385
733 500
881 459
347 108
258 394
314 351
960 427
745 542
482 748
568 235
144 856
137 967
779 682
792 936
746 631
540 222
869 715
154 142
448 238
413 991
857 838
931 30
881 738
900 121
370 476
349 856
531 601
722 799
299 431
814 841
47 581
708 769
504 362
782 125
860 580
40 439
114 559
525 506
561 855
667 697
445 437
194 10
11 664
599 774
654 929
35 252
436 646
700 526
326 273
539 201
703 159
992 695
464 230
47 923
798 673
984 40
730 27
144 250
469 416
768 500
736 665
880 542
93 991
143 126
383 96
296 639
65 739
779 951
49 771
191 472
899 398
153 610
359 497
834 214
738 186
718 648
554 937
19 195
573 582
6 841
64 56
343 787
49 234
415 613
35 276
540 63
364 472
867 985
498 371
735 107
634 266
283 31
877 820
89 476
72 420
329 826
725 263
883 946
327 659
21 501
331 894
522 266
595 155
579 197
220 624
564 641
432 407
181 80
986 351
715 385
110 207
467 544
168 92
424 230
423 22
630 17
526 765
28 504
