992 2413
12 687
35 889
51 840
660 3
222 489
614 181
724 32
581 527
802 803
325 992
881 365
825 488
536 629
132 766
740 160
389 639
673 566
712 12
57 780
773 206
314 360
228 665
728 140
212 37
140 266
15 720
368 977
457 813
574 954
264 748
817 61
301 687
988 623
920 258
740 930
63 958
7 989
509 327
146 204
789 731
367 20
776 949
687 991
838 663
766 975
822 662
253 382
805 588
955 486
167 505
541 172
173 455
691 707
196 632
506 7
491 172
647 174
867 473
444 382
64 591
857 421
167 855
221 641
704 170
153 212
98 802
437 207
379 101
725 130
818 804
780 627
547 309
897 838
754 201
667 639
986 475
877 13
38 988
957 779
228 58
268 670
676 184
435 183
422 462
858 922
574 988
761 827
652 459
908 490
505 40
529 987
803 731
351 82
955 807
688 137
264 214
581 7
138 755
32 519
415 268
951 771
238 15
902 172
426 125
357 200
967 21
552 109
493 67
440 49
83 750
156 181
310 833
645 893
245 820
391 53
512 463
948 629
660 191
899 596
368 386
459 406
131 949
304 116
696 651
287 885
520 494
315 161
297 494
661 633
746 80
123 844
507 934
457 144
275 121
334 366
374 639
220 145
171 428
648 385
762 35
639 379
967 304
807 305
754 703
477 633
95 62
830 39
67 655
377 240
233 750
701 255
629 34
383 965
386 20
850 615
106 660
666 859
401 848
164 500
557 161
872 66
585 296
571 10
295 638
100 82
688 953
620 905
417 929
949 371
465 773
444 727
546 990
378 233
608 944
712 927
440 87
776 443
498 702
725 530
529 338
602 312
72 984
215 816
667 460
835 658
483 393
89 276
608 873
972 489
831 641
385 834
928 533
378 129
288 558
507 658
110 594
898 705
276 288
5 911
246 967
873 895
307 577
553 135
548 784
327 964
207 285
667 776
803 216
966 969
699 846
778 83
375 436
293 214
631 103
724 496
444 741
892 369
550 668
594 548
371 24
380 263
538 239
867 162
526 19
15 95
776 370
316 27
708 159
816 60
471 926
982 270
310 582
894 463
578 916
578 321
924 885
867 880
46 449
230 418
144 687
182 732
203 633
461 886
634 21
124 528
664 943
791 628
596 133
871 369
217 137
143 689
146 247
39 618
304 328
325 915
918 165
706 334
728 170
909 886
587 650
18 844
262 313
618 271
500 988
258 731
543 134
238 725
396 621
290 661
57 569
703 588
160 393
262 130
286 4
679 425
919 723
132 231
759 272
468 703
495 874
355 688
245 689
212 783
412 390
248 322
786 320
990 12
96 953
944 797
653 613
85 488
588 958
24 395
650 822
865 973
205 69
942 827
652 562
618 494
690 979
968 316
931 944
270 116
736 643
809 646
937 473
70 408
852 556
374 184
238 636
433 682
454 703
128 850
475 141
976 80
904 125
777 497
979 214
917 660
902 285
789 41
964 571
552 616
112 538
136 144
982 67
50 800
159 72
897 300
682 586
259 746
920 560
902 63
84 87
123 548
310 906
576 226
115 286
703 380
292 142
478 938
282 484
304 815
909 724
713 467
645 341
882 919
20 506
483 982
797 659
63 292
988 181
44 253
282 528
852 239
70 100
716 783
384 783
479 453
64 397
49 17
853 830
14 692
910 1
911 189
487 592
438 843
499 788
579 229
783 12
301 908
216 904
972 491
126 588
678 188
147 474
280 185
318 796
725 324
870 354
963 156
14 163
786 840
765 43
697 918
457 409
206 241
360 118
140 807
548 164
218 425
935 612
135 92
695 320
748 777
161 468
203 388
848 959
243 903
544 88
564 350
13 752
531 911
645 438
377 58
491 613
354 660
54 672
581 473
543 877
857 238
419 273
438 31
61 966
963 364
827 279
950 687
237 261
278 329
483 563
905 836
107 68
802 165
694 672
698 114
95 957
614 808
610 192
902 208
384 869
647 476
540 314
449 862
966 4
752 271
205 313
298 621
565 351
416 165
256 105
762 115
657 201
931 973
159 804
128 83
475 473
310 688
352 711
855 967
228 204
821 280
28 795
900 189
334 139
246 429
586 467
948 542
370 499
389 934
279 763
584 133
626 205
19 444
496 383
847 441
707 833
583 403
326 55
455 796
367 977
906 73
874 915
80 860
814 347
671 909
161 7
241 209
759 691
631 638
784 446
640 467
218 195
440 847
150 519
944 858
428 985
393 197
567 498
4 294
232 245
189 164
45 735
363 810
384 761
595 164
154 546
431 870
924 115
198 333
612 446
501 148
618 619
795 780
901 110
775 819
34 603
164 542
457 423
347 640
296 430
377 786
178 942
440 88
187 395
978 658
765 244
420 275
286 591
277 556
689 740
409 522
319 11
967 655
17 167
555 834
404 267
908 644
837 384
551 662
143 677
271 400
130 516
430 800
557 1
795 321
801 122
268 698
784 419
289 967
845 774
256 554
601 72
876 54
53 761
112 592
539 603
815 510
725 183
603 550
252 245
490 280
623 413
492 241
898 729
168 934
413 475
688 173
923 707
410 121
628 2
31 153
79 494
461 747
171 336
318 844
672 634
654 197
931 863
863 378
983 6
913 379
87 935
219 822
849 604
242 352
211 785
87 745
881 770
366 954
663 111
869 508
945 785
485 46
864 378
189 820
100 369
155 230
724 142
983 174
342 199
60 185
338 874
391 14
344 805
202 595
21 867
151 451
778 469
429 722
712 924
714 608
879 272
225 950
749 410
274 336
616 28
27 8
248 22
28 359
746 310
984 400
174 519
322 266
311 698
385 170
336 45
49 879
675 706
604 401
754 408
37 876
884 129
975 191
479 186
575 849
134 852
583 560
620 651
962 925
444 977
728 743
855 497
692 789
549 908
8 616
704 709
84 392
502 348
392 680
473 151
565 128
939 414
29 394
971 951
326 738
425 629
577 765
544 648
338 203
414 65
40 695
992 820
729 224
52 6
571 136
976 252
847 762
524 757
407 979
395 126
952 832
222 822
738 951
712 945
277 889
498 771
80 938
870 861
67 471
19 79
483 615
618 470
782 296
589 365
914 365
20 54
296 609
266 716
413 982
290 131
146 764
59 962
667 220
981 718
29 81
982 290
655 504
434 204
218 26
401 29
347 889
319 365
455 779
986 592
247 20
429 984
945 647
642 52
403 354
893 215
182 478
126 824
287 938
888 258
53 857
629 506
518 680
498 162
858 99
118 881
360 596
634 935
400 896
475 11
421 534
828 625
580 716
193 736
11 742
620 802
31 294
914 204
989 115
755 423
557 218
662 905
925 178
432 981
472 791
589 702
883 353
701 528
263 480
626 645
481 773
226 909
34 174
395 971
544 660
732 867
40 317
938 705
118 618
184 711
313 63
956 957
702 116
707 564
518 313
690 314
89 27
477 640
372 717
250 14
394 804
860 253
629 936
282 773
762 350
48 538
73 574
383 191
592 103
283 405
542 151
952 47
555 311
167 933
480 991
467 554
825 989
442 884
527 907
425 565
694 196
795 610
116 868
171 204
559 922
46 406
910 796
320 159
401 327
645 423
705 657
280 143
135 371
859 37
933 508
849 15
906 645
598 900
160 409
507 818
291 331
165 152
442 895
649 304
952 415
798 286
196 767
554 383
496 432
477 242
411 185
413 618
104 387
199 243
899 713
898 908
95 377
281 579
709 412
582 206
803 706
215 517
186 704
85 574
364 976
149 711
375 606
363 264
317 133
850 359
552 708
814 606
566 15
696 399
610 544
917 420
773 954
669 889
390 836
158 301
198 878
829 968
651 668
412 136
984 878
804 492
236 17
36 118
312 12
458 23
150 234
867 580
372 411
593 87
604 523
71 684
704 748
462 219
372 522
625 451
129 863
992 573
647 451
853 704
703 651
622 913
635 926
543 52
378 531
841 153
364 648
587 55
200 712
618 233
662 445
794 621
377 732
602 495
359 419
270 913
876 532
225 878
188 201
912 704
72 7
131 263
237 329
810 764
408 9
887 435
895 467
395 207
108 823
65 282
891 111
603 826
522 968
45 478
58 510
973 904
392 806
267 102
655 401
522 400
614 106
355 267
431 892
767 600
606 901
266 720
332 881
501 563
636 50
406 541
587 670
162 114
511 5
96 498
721 340
285 949
217 567
391 735
236 284
404 237
977 168
121 607
237 240
560 218
465 26
319 798
153 599
964 926
475 410
38 882
367 818
539 238
210 933
285 779
273 835
533 106
682 596
972 533
134 239
724 763
307 830
478 488
158 959
880 782
24 970
170 840
462 465
466 617
983 380
287 147
343 86
655 617
487 558
633 59
173 605
892 615
70 538
624 402
535 932
177 290
447 658
391 443
639 752
858 316
808 606
719 359
497 236
7 54
956 272
673 276
929 95
252 575
399 440
185 447
460 524
859 115
543 620
965 116
31 333
344 13
570 970
662 523
534 46
940 694
634 178
963 761
693 948
823 854
292 881
901 760
907 148
49 729
47 434
655 905
876 170
970 406
737 788
791 51
280 381
943 313
70 831
698 226
775 497
837 765
421 439
809 385
276 600
100 367
746 313
632 202
696 931
972 112
958 39
195 537
473 292
290 784
18 719
441 633
889 610
483 648
690 982
141 275
607 895
901 968
649 781
5 144
367 107
120 578
834 386
213 967
269 426
677 573
750 221
364 309
573 925
942 356
891 466
980 897
692 907
648 156
27 130
29 80
485 841
892 267
103 517
495 698
913 716
447 792
864 648
630 735
225 212
724 250
653 403
125 745
199 749
42 857
495 865
772 475
446 261
393 415
549 764
229 748
605 352
990 298
832 585
941 297
227 986
485 520
503 953
493 418
173 442
597 637
490 718
282 537
708 285
546 592
985 619
456 150
242 68
170 911
814 865
232 808
751 270
201 487
38 816
705 387
390 589
656 670
840 75
756 924
407 474
52 473
18 922
452 403
613 203
940 365
908 748
636 662
180 266
879 733
201 478
642 196
373 755
82 459
299 595
728 383
251 576
394 488
128 175
535 700
432 532
501 579
500 765
547 425
845 692
132 638
25 407
564 665
983 554
179 666
509 191
110 231
330 716
38 21
683 381
334 58
291 887
177 912
753 4
990 827
516 650
390 582
376 859
931 765
932 730
42 596
227 863
648 308
747 589
931 975
17 40
342 580
576 825
205 25
502 942
20 210
227 170
117 120
851 712
514 809
648 191
208 476
729 52
855 129
584 785
109 479
844 150
166 307
660 977
583 397
434 61
787 965
688 52
265 280
321 683
345 106
897 853
200 803
76 496
925 832
952 376
611 515
442 514
150 426
887 423
966 391
434 812
272 612
516 783
353 499
105 900
269 766
679 616
42 745
253 938
142 121
166 67
631 704
31 718
537 573
720 235
867 909
615 283
578 676
952 494
96 676
906 605
299 972
122 89
966 978
181 885
844 877
847 159
88 867
112 238
370 395
526 937
320 310
927 7
50 780
384 754
719 298
389 570
401 509
432 718
199 328
111 396
207 440
666 113
541 424
501 155
726 876
12 199
73 503
73 522
703 212
775 241
196 574
765 624
380 632
787 585
24 316
889 859
835 827
802 416
769 230
201 81
479 757
580 160
769 23
551 172
19 913
24 613
480 684
637 631
892 174
252 128
142 276
329 760
309 455
422 115
634 884
965 177
694 527
440 580
319 500
677 829
353 119
171 906
514 224
163 809
384 453
935 703
94 101
441 642
930 602
707 379
534 86
313 883
225 721
834 471
953 546
421 652
884 507
689 40
129 81
520 147
725 554
765 313
910 201
182 800
718 918
455 867
296 163
595 819
619 959
14 248
33 835
917 932
554 814
810 436
406 427
193 107
448 157
191 895
505 535
90 216
344 659
353 860
502 499
337 69
112 814
408 31
853 25
674 243
717 175
972 441
938 761
327 345
65 776
693 459
2 945
166 868
355 652
268 634
33 400
89 742
757 612
59 945
724 8
815 260
564 914
662 962
934 551
188 650
100 719
925 10
174 152
621 198
490 21
165 405
990 901
919 748
370 136
244 36
300 713
637 715
772 965
164 935
522 825
672 331
874 206
303 232
380 64
627 449
955 131
224 572
856 797
958 689
979 758
831 947
568 437
680 687
220 165
20 954
935 238
149 282
815 99
627 973
750 877
127 726
536 845
580 799
411 636
28 486
395 1
161 664
579 662
700 400
298 275
559 479
780 690
433 195
57 149
888 212
815 588
928 900
763 299
321 764
855 385
589 213
720 839
990 6
422 819
781 590
546 8
964 271
876 614
862 476
216 504
376 395
358 368
179 53
500 737
29 192
489 971
522 953
793 328
705 254
709 183
859 532
613 48
235 478
88 802
895 633
277 792
403 725
206 427
464 549
48 74
194 338
99 733
970 275
271 458
129 626
940 516
544 671
446 467
895 863
871 109
228 247
348 673
202 532
496 825
616 240
262 911
256 340
402 207
630 497
946 109
358 245
496 380
873 974
31 297
805 428
32 20
3 437
424 73
524 516
851 588
631 363
90 230
35 100
183 164
137 980
925 265
11 386
185 271
532 413
110 76
845 924
408 620
723 320
359 674
668 810
954 58
583 516
696 269
254 16
75 309
438 203
141 850
331 466
421 919
84 877
623 372
716 58
319 505
177 712
924 610
543 855
583 810
403 715
455 439
670 149
411 53
655 692
603 751
664 676
565 18
731 310
219 928
327 451
147 498
458 75
920 743
247 599
288 518
114 671
59 575
448 220
395 394
552 876
199 348
4 862
596 784
260 650
870 873
32 761
384 402
238 678
59 16
776 945
457 155
118 455
162 172
817 407
357 470
767 832
362 636
328 239
279 195
778 583
418 567
701 333
557 19
228 927
176 50
581 597
340 781
327 981
23 286
705 752
263 740
858 873
55 44
845 233
882 629
392 14
583 72
356 796
755 196
495 138
39 793
482 429
815 349
237 703
414 937
131 975
316 767
134 893
177 189
895 47
418 673
888 343
984 682
910 157
934 402
60 144
49 327
148 255
232 554
343 693
808 637
630 971
352 350
498 158
245 13
429 182
344 445
267 487
794 770
411 17
927 151
417 202
734 964
38 847
24 468
135 686
320 213
598 312
876 58
508 252
695 264
439 131
441 736
759 629
743 799
44 147
752 434
897 959
953 202
873 346
67 810
169 279
343 468
678 596
607 344
131 358
336 825
133 961
836 203
984 212
175 987
497 238
721 192
961 164
444 968
930 460
538 422
332 502
207 762
188 920
709 735
512 431
786 706
471 342
673 696
314 553
95 111
831 539
372 649
447 258
693 145
260 130
825 9
480 309
522 612
838 769
201 663
343 508
663 341
385 358
833 860
832 964
893 80
409 616
727 653
412 755
804 768
622 11
110 298
935 960
624 860
670 413
393 297
784 246
34 611
882 863
956 570
99 91
889 444
37 549
236 764
627 410
780 388
359 177
578 912
688 389
229 80
158 84
949 700
382 125
403 322
519 69
641 929
160 292
974 735
478 494
706 424
662 246
907 835
86 901
621 59
347 427
366 501
920 332
576 9
794 870
856 959
926 422
269 247
744 711
535 817
111 419
782 753
409 7
86 690
602 651
770 24
350 824
941 33
100 775
339 307
378 161
547 781
588 761
368 471
539 877
387 274
686 704
11 504
487 552
624 914
516 842
406 626
921 331
194 578
669 147
446 585
953 399
530 443
360 650
785 276
71 755
883 537
662 487
277 741
85 205
694 451
17 677
676 519
454 71
479 910
227 715
703 194
716 798
171 659
564 180
345 287
952 870
408 441
575 859
691 387
748 381
143 69
219 60
221 869
221 155
317 253
672 112
338 415
157 548
922 690
568 660
420 956
167 104
925 768
481 650
329 939
517 800
580 574
984 190
858 501
56 551
456 396
240 926
920 208
170 44
227 213
412 861
945 248
285 418
153 572
538 396
5 510
670 47
564 99
412 400
864 940
833 595
284 928
876 297
273 516
91 797
400 593
20 943
773 191
573 690
336 778
244 376
524 973
390 60
693 445
175 906
783 417
404 947
338 75
265 505
198 585
642 636
576 665
61 266
482 500
66 266
671 940
599 451
141 178
696 34
498 161
821 59
550 28
273 64
52 558
667 272
237 896
637 504
590 491
80 741
448 89
551 953
114 371
133 864
958 478
707 560
943 165
815 156
537 606
318 439
601 569
693 542
12 818
201 17
436 403
610 648
909 823
839 305
949 166
455 40
294 421
305 73
445 583
429 291
801 282
949 540
200 53
832 101
559 498
86 383
643 805
732 418
646 981
134 623
361 922
988 715
607 676
376 313
342 319
790 641
258 644
329 675
451 141
824 753
509 927
591 321
775 691
245 330
746 801
106 567
987 386
937 410
313 843
616 87
270 493
625 885
441 897
921 84
600 405
343 900
108 322
92 863
109 378
758 241
505 269
127 898
256 798
424 603
565 687
157 621
112 99
476 9
349 992
631 233
479 12
136 190
82 733
933 855
434 700
920 937
371 146
920 580
785 171
684 959
578 771
336 666
2 38
521 372
209 384
782 365
521 197
784 710
18 57
238 435
539 946
774 63
391 46
651 248
359 624
694 870
295 791
339 193
512 692
344 923
59 871
264 295
391 860
240 619
39 373
518 557
794 609
134 6
781 207
419 764
595 192
464 19
688 760
104 58
682 356
533 487
934 125
575 174
46 70
853 702
431 221
822 551
779 781
840 450
515 791
537 153
132 603
362 925
768 392
94 781
264 528
746 496
34 363
700 111
663 971
62 307
618 566
128 598
163 802
989 957
337 416
584 730
508 244
773 732
133 791
867 708
927 957
719 976
599 558
269 830
200 70
314 925
166 197
920 919
373 378
802 690
759 552
141 324
882 433
591 299
158 250
929 384
932 637
57 413
553 656
807 208
645 539
179 466
734 352
627 413
185 872
681 787
866 155
369 593
832 988
563 860
982 56
396 858
629 163
582 283
896 29
300 359
40 57
859 723
587 502
567 656
107 961
920 975
479 738
250 505
896 641
827 891
516 979
796 284
981 323
929 370
364 894
332 855
14 112
380 75
218 768
361 703
352 973
518 704
151 809
263 69
693 235
696 833
179 919
399 112
722 621
119 845
83 572
672 111
377 479
69 497
515 190
58 703
21 484
528 51
430 887
767 383
3 44
404 790
941 122
616 619
804 485
217 698
810 23
379 934
348 846
519 203
88 427
364 590
959 145
925 588
414 69
711 891
238 834
689 677
378 321
2 592
242 967
756 810
460 740
190 383
28 941
622 354
804 321
842 866
432 253
228 357
576 31
101 382
785 840
182 375
462 231
687 490
376 100
730 229
640 208
713 446
234 916
372 144
174 977
359 495
113 190
168 575
335 957
213 235
347 893
290 496
653 174
656 675
659 516
751 801
348 98
211 426
563 641
360 485
965 253
586 297
286 992
128 950
71 878
477 968
206 243
726 431
102 597
468 253
561 579
716 721
686 733
747 458
200 556
292 591
451 924
468 38
489 357
827 156
650 456
751 671
386 461
747 306
215 376
879 794
861 891
419 367
847 312
78 48
647 378
643 660
447 910
451 587
273 56
795 258
710 915
764 373
569 656
163 428
200 674
280 720
963 136
105 747
805 630
682 544
356 444
838 616
983 458
288 947
665 76
820 402
35 762
127 927
700 37
404 986
745 596
673 986
10 394
677 152
560 116
355 7
138 210
307 168
438 120
376 510
122 700
817 959
175 284
512 102
253 524
620 340
332 215
313 616
867 452
644 31
83 437
305 520
515 351
770 191
510 425
371 933
668 85
504 77
674 738
714 823
987 255
51 718
81 207
609 254
518 947
499 927
249 68
422 628
267 488
751 682
312 292
901 889
599 176
406 467
366 458
738 243
443 558
922 439
64 494
337 832
712 522
12 403
915 546
518 357
793 130
461 713
173 213
543 545
737 58
132 164
425 182
500 637
105 734
967 234
752 84
951 27
702 534
904 510
946 417
662 899
98 668
64 175
559 948
763 658
195 464
441 33
421 896
831 340
524 119
722 245
175 587
293 197
252 889
742 447
926 310
351 536
955 194
820 31
743 713
264 345
928 822
965 485
882 389
438 826
447 568
324 258
182 319
369 635
580 969
687 418
728 124
509 458
930 126
52 961
74 665
908 650
283 809
820 913
734 652
716 175
55 453
740 232
243 400
407 669
466 443
585 764
658 452
731 487
17 120
303 269
809 447
281 118
190 685
928 353
30 737
45 497
158 903
520 565
354 724
689 373
670 401
985 558
325 219
42 361
556 552
761 586
800 597
526 240
675 557
70 732
34 789
732 224
491 892
852 403
766 804
341 359
643 782
711 423
793 980
168 796
137 339
82 942
511 233
517 13
566 135
506 873
454 182
535 38
940 566
802 691
627 260
99 936
840 129
413 579
920 30
869 167
779 431
393 51
943 656
532 599
540 407
127 991
623 647
845 744
24 630
829 4
984 83
394 574
325 746
570 951
537 312
811 892
224 690
957 619
895 148
513 605
200 880
739 750
186 754
212 291
565 353
217 147
883 613
495 61
760 909
245 971
710 497
820 735
308 621
755 607
699 673
41 545
886 621
154 701
283 441
466 635
833 689
26 333
337 283
533 480
221 510
602 755
760 37
84 938
363 763
720 627
129 619
494 744
524 802
99 934
422 638
373 607
83 684
289 608
641 190
271 879
700 293
533 905
854 113
199 505
401 149
912 487
443 933
406 43
28 172
179 40
489 589
431 84
833 496
903 109
724 129
565 41
418 230
514 195
956 807
684 92
116 942
449 120
674 454
513 76
696 476
110 196
65 136
927 66
987 511
237 394
681 409
205 971
742 71
106 784
983 406
914 964
548 988
632 109
318 19
335 24
216 501
202 197
755 476
119 391
476 411
115 231
556 29
287 536
464 77
923 515
