903 983
403 447
193 566
195 310
83 639
95 7
352 280
249 684
848 92
443 647
135 479
666 281
783 745
200 145
48 645
13 731
853 145
509 880
348 434
657 872
133 714
381 595
62 899
186 339
356 879
110 818
168 265
752 891
219 433
703 308
323 679
349 548
305 403
312 347
492 168
192 539
856 304
703 839
569 4
62 547
697 3
653 123
140 18
324 396
420 121
409 321
215 449
150 395
113 301
450 846
209 399
71 699
127 79
107 552
144 729
17 365
497 859
655 400
721 345
394 607
795 449
443 590
325 779
836 674
698 477
150 646
560 470
805 404
83 313
415 856
257 841
236 496
728 342
206 157
116 236
162 115
697 433
231 890
596 792
257 250
177 157
259 650
698 438
265 438
337 308
431 257
583 388
274 528
235 282
459 193
356 214
197 832
672 584
282 723
376 148
166 681
498 771
650 132
118 662
634 221
101 391
483 84
222 31
323 339
419 733
51 599
676 880
197 610
501 341
781 1
866 710
280 669
858 424
505 850
469 257
270 281
174 390
163 104
137 509
879 701
478 659
12 817
821 295
275 692
269 756
570 627
94 460
695 389
509 658
287 231
761 600
737 347
185 748
5 819
44 202
228 195
735 52
500 121
802 613
10 374
632 85
882 545
322 343
345 304
608 512
894 469
826 858
849 317
266 371
275 896
324 112
562 198
671 375
328 295
728 449
76 822
771 878
595 66
719 376
743 463
631 15
346 192
536 432
703 326
387 424
665 96
663 389
756 841
162 684
140 797
277 803
753 78
662 254
200 121
502 115
506 666
293 833
145 384
771 764
410 773
575 215
56 3
335 4
78 233
189 271
674 228
697 796
680 718
272 587
438 706
744 247
346 794
107 671
140 376
696 590
736 163
239 238
666 763
17 37
7 161
332 461
538 470
561 830
182 701
749 606
467 843
360 457
93 610
400 58
477 280
229 507
239 292
26 82
543 384
657 548
591 753
411 544
637 689
437 788
727 799
853 576
333 897
482 191
347 370
682 786
161 850
16 384
376 877
625 121
630 670
542 783
725 53
752 703
270 318
635 853
863 80
734 616
415 155
500 835
414 63
613 853
354 133
494 322
460 190
494 31
578 594
438 475
41 790
19 13
650 236
608 678
360 532
47 365
245 842
221 56
463 100
154 610
816 722
502 661
309 761
584 771
487 469
510 700
658 239
325 678
126 700
793 901
113 169
344 800
146 97
844 392
732 37
48 576
555 235
608 847
332 32
592 419
678 638
861 182
77 529
218 885
705 339
12 177
840 306
274 233
339 77
532 37
542 409
876 220
776 709
358 144
613 899
13 588
181 815
565 891
738 863
307 615
820 724
258 267
867 789
285 769
850 627
515 883
239 809
262 196
30 561
693 824
901 355
87 68
720 264
716 449
126 110
792 401
516 823
111 438
108 664
86 772
820 39
466 668
626 777
621 165
697 675
800 898
359 436
67 815
15 310
362 638
45 834
567 42
315 159
372 117
174 582
57 685
725 95
289 646
766 685
611 253
150 284
641 769
682 809
295 159
408 787
41 302
315 126
895 709
795 812
414 584
243 539
458 783
596 458
177 152
870 866
163 572
365 349
277 454
608 446
761 163
421 450
167 151
47 300
561 741
512 180
275 52
870 106
437 701
393 476
730 351
144 105
35 724
529 291
775 842
95 163
14 738
377 246
660 174
816 1
238 406
98 583
701 551
397 13
605 52
749 656
852 672
494 411
361 516
676 215
560 496
151 268
233 197
875 786
379 630
525 438
80 678
169 251
734 143
151 831
12 320
451 171
207 289
86 189
203 556
251 534
811 173
340 845
372 204
114 515
375 703
429 184
420 296
264 670
530 317
236 491
658 840
879 741
231 148
558 125
857 721
317 870
821 313
783 775
499 233
177 617
624 703
415 123
395 648
58 767
764 482
418 813
707 70
261 419
180 48
412 421
856 189
570 513
239 308
327 405
887 417
844 281
810 646
500 86
14 187
368 219
317 487
796 410
403 540
828 25
11 550
780 270
485 772
311 869
104 77
439 287
675 205
295 870
97 251
608 780
22 51
834 172
281 590
406 629
735 130
622 207
159 126
584 476
335 79
536 436
575 392
778 746
700 168
830 81
253 398
681 454
618 892
444 585
90 209
94 364
412 81
327 410
381 147
447 851
446 297
189 63
720 4
410 677
590 749
299 211
617 586
680 33
25 59
357 410
312 492
375 379
795 317
601 534
220 466
868 292
272 613
90 756
649 392
705 59
411 176
303 752
581 661
732 621
558 180
215 550
765 367
432 881
637 182
158 719
187 443
526 254
551 859
331 866
536 92
493 668
474 361
793 423
2 151
15 11
62 714
567 736
633 65
839 508
435 768
139 847
901 896
799 887
31 572
347 26
735 93
650 203
539 478
648 471
112 6
363 392
738 104
410 355
268 312
368 726
257 291
653 701
47 403
355 359
452 799
642 586
491 819
493 75
473 61
256 680
156 630
604 686
258 355
118 744
388 515
441 482
335 686
348 345
275 853
786 256
72 551
850 745
880 228
210 463
728 763
669 319
82 635
821 200
51 760
810 888
781 860
393 863
721 653
210 21
603 445
636 382
146 647
826 868
52 580
2 220
720 150
663 732
456 44
853 830
304 704
153 583
515 6
814 622
307 503
314 134
844 233
528 358
470 628
712 469
504 144
729 780
316 552
847 811
792 61
754 828
580 312
480 867
18 683
779 829
687 475
184 275
516 892
851 563
506 576
426 838
489 662
700 327
368 502
820 188
601 686
180 678
386 143
831 771
93 763
712 306
160 182
841 123
670 78
827 367
389 615
480 461
389 787
19 399
685 764
712 189
563 451
671 98
348 416
892 397
143 687
642 721
731 477
521 756
312 238
682 551
343 459
80 290
64 721
128 490
88 900
137 152
696 695
578 826
799 572
762 470
616 55
890 451
38 510
368 171
22 413
762 538
828 812
482 828
179 328
667 887
601 368
74 670
673 108
900 818
771 382
420 301
192 533
788 680
160 866
125 601
629 428
494 706
133 514
469 249
81 523
698 795
35 662
101 497
736 754
810 205
393 74
300 754
256 561
154 606
221 461
254 862
442 236
644 671
680 848
100 63
555 390
599 441
302 657
607 765
616 311
611 758
208 790
669 233
416 594
774 190
17 469
651 506
788 348
74 219
455 383
597 870
607 99
261 444
831 85
109 10
509 741
448 503
153 119
343 549
363 228
248 263
783 25
482 605
573 32
279 489
422 698
70 313
530 467
434 9
601 565
711 267
802 746
486 611
742 144
605 408
743 371
820 634
826 78
682 388
479 768
586 749
692 212
361 22
341 254
787 751
112 832
700 408
119 903
772 470
661 398
436 204
317 574
415 494
485 71
623 512
863 602
693 297
723 873
545 742
360 82
688 847
768 829
351 542
333 550
829 498
885 213
310 781
120 540
702 515
282 288
393 808
510 738
510 470
366 443
313 736
416 300
349 173
444 199
439 728
283 323
249 445
55 837
694 193
53 885
226 841
489 591
374 122
652 371
732 648
755 431
237 455
133 600
125 57
458 189
120 736
589 330
653 427
433 754
482 371
172 142
191 864
411 298
295 658
276 576
72 553
783 359
548 739
247 379
869 637
455 681
264 370
216 281
73 65
277 123
499 720
374 47
807 583
302 652
367 808
88 413
92 144
199 843
408 384
202 98
284 389
231 451
474 623
832 666
588 379
495 25
449 826
484 623
123 441
348 694
593 255
769 338
291 383
867 777
140 862
586 289
364 311
16 504
272 834
2 193
732 8
657 181
720 576
886 550
48 665
125 697
83 33
150 351
424 324
526 433
879 525
646 199
487 239
783 514
351 745
209 815
6 513
168 618
366 253
894 278
436 650
722 38
169 556
136 423
1 30
28 819
395 589
517 649
853 879
664 798
281 389
436 511
900 667
69 118
272 741
364 105
197 200
427 64
727 862
76 468
71 463
796 587
508 349
124 281
60 503
429 323
55 264
380 342
540 597
103 389
523 852
617 794
637 504
245 139
612 373
475 34
29 303
433 153
504 329
861 582
607 221
364 622
615 417
405 118
332 260
717 282
806 416
156 815
79 109
841 735
349 804
179 83
698 728
584 323
65 355
447 552
841 801
693 507
559 518
871 850
562 743
849 4
44 580
248 450
742 76
566 896
746 468
397 534
292 221
441 496
893 254
785 29
455 18
17 479
181 510
442 456
774 57
330 878
903 806
607 250
860 763
244 744
704 737
89 789
634 493
51 129
342 896
436 461
347 375
335 354
415 667
453 881
606 637
111 252
128 582
22 169
641 627
819 565
206 259
848 371
511 895
745 346
517 772
28 528
384 813
750 337
263 80
480 799
63 757
473 822
183 281
338 791
294 131
241 467
509 744
755 724
594 334
879 902
141 78
893 322
850 316
535 582
324 352
702 440
34 90
