19265.1302423
3649.64297113
3762.72703113
3777.73793113
3875.81109113
3963.81724113
4061.89040113
4077.86017113
4174.97446113
4205.91875113
4288.05852113
4319.00281113
4385.11128113
4422.01200113
4484.17969113
4597.26375113
4608.09131113
4665.11277113
4726.30634113
4802.17168113
4839.39040113
4899.22444113
4970.43089113
5036.28335113
5083.51495113
5133.33611113
5204.37322113
5230.58336113
5332.43180113
5343.66742113
5419.46383113
5457.71035113
5490.50094113
5544.74238113
5631.77441113
5646.60205113
5747.64973113
5760.81700113
5875.70831113
5897.87591113
5972.76107113
6011.91884113
6073.80875113
6142.95933113
6204.84924113
6257.00226113
6317.93330113
6374.95476113
6385.06084113
6474.02317113
6513.15580113
6587.10723113
6669.25691113
6724.16614113
6855.33622113
6880.26725113
6992.39513113
7036.36836113
7091.46354113
7123.40039113
7237.44332113
7247.56465113
7340.45251113
7362.59159113
7477.51142113
7525.65492113
7624.57983113
7662.71383113
7780.68094113
7848.79314113
7895.70788113
8004.89425113
8010.73482113
8105.94193113
8107.78758113
8208.95112113
8238.82807113
8337.00970113
8367.87066113
8482.89760113
8500.07303113
8638.99871113
8686.15234113
8767.05729113
8815.19493113
8854.08932113
8968.13225113
9001.27424113
9096.22721113
9114.35830113
9197.27489113
9201.39033113
9296.34330113
9314.47439113
9411.37024113
9411.52715113
9539.42882113
9597.60646113
9667.52378113
9725.70142113
9853.60309113
9853.76000113
9950.65585113
9968.78694113
10063.7399111
10067.8553511
10150.7719411
10168.9030311
10263.8560011
10296.9979911
10411.0409211
10449.9353111
10498.0729511
10578.9779011
10626.1315311
10765.0572111
10782.2326411
10897.2595811
10928.1205411
11026.3021711
11056.1791211
11157.3426611
11159.1883111
11254.3954211
11260.2359911
11369.4223611
11416.3371011
11484.4493011
11602.4164111
11640.5504111
11739.4753211
11787.6188211
11902.5386511
11924.6777311
12017.5655911
12027.6869211
12141.7298511
12173.6667011
12228.7618811
12272.7351111
12384.8629911
12409.7940211
12540.9641011
12595.8733311
12678.0230111
12751.9744411
12791.1070711
12880.0694011
12890.1754811
12947.1969411
13008.1279811
13060.2810011
13122.1709111
13191.3214911
13253.2114011
13292.3691711
13367.2543311
13389.4219311
13504.3132411
13517.4805111
13618.5281911
13633.3558311
13720.3878611
13774.6293011
13807.4198911
13845.6664111
13921.4628211
13932.6984411
14034.5468811
14060.7570211
14131.7941311
14181.6152911
14228.8468911
14294.6993511
14365.9058011
14425.7398411
14462.9585611
14538.8239011
14600.0174711
14657.0389311
14667.8664911
14780.9505511
14843.1182411
14880.0189611
14946.1274311
14977.0717211
15059.2114911
15090.1557811
15187.2700711
15203.2398411
15301.3130011
15389.3191511
15487.3923111
15502.4032111
15615.4872711
