902
191 424
474 776
456 200
515 136
447 477
292 671
36 21
739 865
178 442
801 196
216 146
180 9
189 109
715 161
6 4
640 472
274 170
187 573
264 404
81 87
125 779
39 122
464 135
124 125
332 397
265 89
610 897
32 597
275 104
197 263
1 29
455 443
165 323
244 291
204 189
720 90
50 732
568 786
332 411
210 318
701 860
11 43
800 640
161 165
144 94
852 489
226 441
12 10
408 438
158 25
667 547
670 472
829 330
487 562
815 42
108 147
113 471
2 23
260 145
659 291
117 63
528 124
170 7
12 16
725 264
672 438
71 79
24 40
706 342
64 294
435 158
53 26
450 615
80 688
3 10
335 431
365 65
68 4
171 223
43 370
653 28
855 673
27 30
841 346
398 621
861 749
121 859
461 619
90 377
400 100
298 842
676 125
673 217
885 583
666 23
216 483
764 112
69 187
38 57
38 88
12 84
16 135
113 68
78 603
10 822
82 543
672 702
216 782
83 183
480 154
534 726
200 132
374 503
487 56
886 189
572 173
246 871
77 46
257 567
846 622
343 326
386 51
91 78
51 182
286 4
280 473
109 9
398 198
387 166
292 58
617 862
337 683
70 130
896 108
741 23
103 38
26 6
642 552
19 42
104 72
598 320
554 608
97 89
272 742
682 762
288 2
493 695
274 382
233 187
153 554
509 305
568 777
69 61
1 25
763 769
170 636
62 178
15 11
136 120
834 296
568 376
153 234
56 11
19 806
858 850
333 614
25 563
827 734
2 4
230 180
1 2
635 15
661 7
152 98
518 329
797 290
467 145
802 895
632 648
214 122
472 879
259 216
13 19
231 165
319 819
52 177
460 416
465 61
245 232
173 111
317 191
755 568
318 595
108 217
186 613
3 17
120 389
99 108
653 658
69 644
683 804
535 43
78 711
303 838
97 355
775 666
444 56
44 89
47 172
51 698
408 80
179 161
696 359
520 135
102 319
338 364
243 45
387 678
48 38
239 501
394 137
82 31
145 77
570 607
73 58
196 104
453 286
509 709
419 191
153 146
169 41
320 266
500 20
732 761
172 868
267 20
34 541
439 47
466 297
677 13
196 266
730 181
446 616
321 534
845 509
371 69
750 646
26 203
358 359
299 248
576 582
83 546
247 130
768 893
76 446
276 363
367 347
469 375
232 254
821 407
248 46
791 476
157 184
126 461
26 27
11 3
383 675
191 459
164 212
459 488
2 3
47 148
753 27
744 474
655 784
104 532
350 278
5 8
853 669
579 45
54 484
700 634
429 358
255 289
236 403
38 29
154 303
502 626
291 663
255 531
136 368
478 170
19 560
222 375
383 304
88 301
574 54
285 26
606 624
295 145
798 676
227 268
710 214
134 3
517 712
108 283
244 63
637 674
239 167
612 179
108 592
496 136
270 147
184 346
230 606
75 58
74 51
771 370
433 315
296 575
593 133
449 811
721 733
193 545
598 625
881 61
8 34
435 691
92 39
641 548
828 79
734 113
59 631
149 8
133 551
857 290
62 199
66 137
5 150
711 807
29 67
490 28
144 213
547 58
307 731
19 20
148 802
220 168
432 158
601 682
212 609
613 773
154 188
578 342
393 56
23 66
649 599
300 61
311 202
83 95
399 891
101 310
118 44
61 41
167 67
552 8
622 196
380 430
331 752
57 557
274 425
4 559
364 448
169 222
655 383
415 491
428 276
423 199
766 315
240 384
537 386
789 269
3 580
399 167
585 316
527 291
36 45
759 637
55 427
163 99
143 110
326 447
550 256
623 131
796 451
119 58
751 183
522 542
506 684
293 256
111 101
599 364
778 84
367 482
31 474
830 765
176 198
13 3
27 252
224 162
227 178
282 454
282 43
627 448
15 70
561 344
668 718
65 34
241 72
194 202
120 97
79 729
218 114
774 454
549 665
327 263
228 297
699 457
721 854
113 348
64 569
122 662
457 160
684 689
385 102
721 362
32 29
55 11
343 481
442 486
472 351
14 13
100 391
339 2
247 872
516 836
463 273
246 314
188 396
394 553
618 252
593 740
33 46
299 736
141 276
91 536
763 652
870 131
378 757
192 856
41 529
88 191
337 716
849 693
539 174
479 61
876 110
35 32
584 183
122 194
35 349
271 781
426 277
892 359
513 388
183 402
93 39
206 420
80 321
198 208
692 232
337 6
583 590
90 617
304 64
543 799
178 817
512 63
373 165
666 735
317 347
687 382
620 298
55 166
240 869
418 437
293 415
49 78
243 746
60 28
621 887
324 240
143 587
18 123
246 257
282 780
264 449
749 65
31 100
745 515
305 369
124 470
256 197
126 329
116 128
537 714
62 10
224 392
422 73
643 502
332 767
727 363
81 261
450 275
673 823
58 21
589 520
306 264
294 549
282 722
583 324
555 316
47 530
703 214
604 479
900 673
434 381
826 611
17 24
20 171
564 16
119 332
44 24
38 51
73 521
37 10
889 662
164 322
353 68
565 65
82 155
52 160
350 600
264 8
336 29
522 308
787 186
223 707
319 717
25 107
64 29
76 660
246 6
143 605
210 219
94 127
402 794
571 446
543 783
646 67
696 831
100 328
43 63
253 309
719 548
28 31
24 507
628 349
708 531
52 4
228 74
743 657
596 127
4 94
163 602
8 197
418 307
277 162
795 165
414 310
404 878
411 805
157 882
197 249
83 162
877 360
530 647
429 765
343 401
634 883
577 535
39 32
407 294
129 210
864 838
142 847
130 354
154 48
84 505
164 76
558 43
141 253
385 476
186 70
808 706
533 45
810 673
797 890
788 592
525 888
5 33
136 151
475 485
308 362
238 498
340 187
809 736
768 525
302 3
86 495
76 61
290 88
737 104
55 271
262 176
167 497
42 255
395 9
51 115
372 188
511 274
526 167
360 89
18 458
166 181
307 146
802 880
540 341
89 236
99 226
232 74
330 803
690 345
62 205
227 240
134 374
611 394
516 80
866 111
142 44
331 345
850 131
628 772
24 229
74 333
233 668
679 507
354 538
80 47
651 328
439 840
201 705
634 570
818 354
194 376
169 298
138 64
34 844
693 164
118 159
825 306
366 272
657 35
207 116
65 114
129 23
790 56
194 338
273 198
728 14
158 523
198 637
192 181
650 462
103 313
192 316
222 287
375 436
325 445
459 462
517 257
656 151
7 6
669 215
554 760
278 330
159 284
105 566
79 211
431 814
159 361
813 121
445 629
25 28
514 17
570 480
378 267
357 701
179 416
68 209
686 225
489 121
54 174
452 272
863 404
450 544
681 247
21 630
148 312
101 53
46 71
215 331
161 42
99 76
130 258
11 47
47 131
609 723
258 380
682 843
206 51
18 105
50 36
816 233
65 242
739 672
163 168
747 611
680 559
224 588
355 406
851 722
109 251
190 64
215 141
106 3
519 206
550 638
58 133
92 704
556 523
713 370
793 133
898 814
785 255
685 535
185 182
724 105
357 252
124 62
139 748
848 902
198 235
154 586
548 366
35 83
326 59
434 504
114 175
5 18
270 342
76 176
48 49
493 101
71 85
35 96
9 116
206 280
351 237
28 272
639 611
250 36
47 126
654 163
74 405
422 633
440 205
525 307
694 353
669 812
315 204
409 202
43 524
499 601
81 14
132 109
506 224
98 43
39 238
191 832
645 256
652 394
280 334
104 121
581 250
498 833
41 356
875 288
632 286
173 820
445 499
184 296
309 576
467 894
873 273
381 165
889 899
