1468.21307868
1539.25018868
1596.27164868
1709.35570868
1822.43976868
1953.48025868
2066.56431868
2181.59125868
2312.63174868
2468.73285868
2583.75979868
2746.82312868
2874.88170868
3002.94028868
3089.97231868
3227.03122868
3341.07415868
3456.10109868
3569.18515868
3716.25356868
3813.30632868
3927.34925868
4058.38974868
4186.44832868
4273.48035868
4410.53926868
4523.62332868
4636.70738868
4764.80234868
4920.90345868
5034.94638868
5221.02569868
5336.05263868
5407.08974868
5508.13742868
5621.22148868
5724.23067868
5887.29400868
5984.34676868
6115.38725868
6246.42774868
6361.45468868
6508.52309868
6609.57077868
6710.61845868
6866.71956868
6980.76249868
7143.82582868
7329.90513868
7444.93207868
7631.01138868
7744.09544868
7859.12238868
7956.17514868
8142.25445868
8298.35556868
8445.42397868
8544.49238868
8730.57169868
8867.63060868
8924.65206868
8995.68917868
9151.79028868
9298.85869868
9411.94275868
9575.00608868
9689.04901868
9802.13307868
9939.19198868
10052.2760487
10139.3080787
10302.3714087
10458.4725187
10586.5674787
10643.5889387
10771.6475187
10874.6567087
11003.6992987
11131.7578787
11244.8419387
11373.8845287
11488.9114687
11674.9907787
11772.0435387
11887.0704787
12002.0974187
12130.1923787
12277.2607887
