1198.30284951
1354.40395951
1463.13748826
1467.86589012
1485.44444951
1514.49144956
1533.35490068
1578.21043006
1598.52850951
1617.63075765
1655.54996951
1739.90295716
1769.59289951
1785.81252801
1789.25701077
1900.63338951
1916.38608946
2086.71269951
2125.41067522
2221.83599137
2223.77160951
2320.82436951
2368.91933414
2444.36799162
2448.88294951
2459.87602353
2511.48152149
2535.631003
2550.28192957
2561.96700951
2576.49364466
2679.33818084
2690.02558951
2735.39901837
2811.0889314
2876.10489951
2905.99218501
2952.1478998
3007.14538951
3072.52616893
3088.01778929
3106.21379951
3186.33150024
3253.28220951
3310.30366951
3310.66409179
3353.13487131
3379.82013043
3407.35642951
3448.03325764
3448.63577211
3500.39656798
3520.44048951
3583.39397528
3648.49906951
3667.50889951
3735.53109951
3781.55182951
3795.9735785
3854.34571478
3895.59475951
3898.59442951
3967.17952997
4013.62136951
4023.68971951
4041.47309485
4102.14702045
4122.75812951
4144.66185951
4180.38727704
4285.82145951
4300.76296951
4327.57776808
4398.90551951
4413.84702951
4482.70902265
4484.09438733
4542.58728637
4555.00662951
4579.73237503
4599.92633951
4652.05938951
4700.97401951
4720.04571509
4750.73891042
4751.12779951
4814.05807951
4881.0262367
4927.14213951
4975.05719576
5014.17416951
5154.12964436
5177.23749951
5215.13531484
5234.25895951
