101110111111111110011111111111111111111111110111111111111111111111111111110111111
111001101001001101101101001110100000100011101110111000110010010011110001101100010
000000000000000100000000000000000000000000000100000000000000000000000000000000000
111111111111111111111111111111101111111111111111111110111011111111111111111111111
111111111111111111111111111111111111111111111111011111111111101111111111111111111
000110111110110110010110110101011111011111010111100111001101111101001110110111101
111101111111011111111111111111111011110111111111111011111111111111111111111111110
111111101111111111111111101111111111111111101110111111111111111111111011111111011
000010000000100000000000000000000100000000000000000100000000000000000000000000001
000000010000000000000000010000000000000000010001000000000000000000000000000000100
111011111001101101101101011110101100101111111111111100110010010011110111101100111
111111111111111111111111111111111111111111111111111111111111111101101111111111111
111111111111101111111111111111111111111111111111111111111111111011111111111111111
111111111111111110111111111111111111111111110111111111111111111111111111111111111
010001000000000001100000000000000000000000001000010000100000000010010000001000000
111111111001101111111101111110111100101111111111111101110110010011111111111100111
101110111110111110011111110111111111011111110111101111011101111101101111110111111
111111111111111111111111101111111111111111111110111111111111111111111111111111011
010000000000000000000000000000000000000000000000000000000000000000000000001000000
001110111110111110011111110111111111011111110111100111011101111101101111110111111
111111111111111111111110111111011111111111011111111111101111111111111110111111111
010001000000000001100000001000000000100000001000010000100010000010010000001000000
111001001001001001101101001110100000100000101000111000110010010011110001101100010
111111111011101111111111111111111110101111111111111111110111111011111111111101111
111111111101111111111111111111111111111111111111111101111111111111111111111111111
111111111111111111111111111111111111111111111111111111111111010111111111111111111
111111111111011111111111111111111011111111111111111111111111111111111111111111110
111011111111111101111111011111111111111111111111111111111111111111111111111111111
001000000000000000000000000010000000000000000000000000000000000000000000000000000
011101011100001111111111110111011010101101010111101000111100100101011010000101001
111111111011111111111111111111111110101111111111111111111111111111111111111101111
000000000000000000000100000100000000000000000000100000000000010000000000000100000
000000000000000000000001000000100000000000100000000000000000000000000000000000000
000000000000000000000000000001000010000000000000000000000000000000000000000000000
000000000100010000000000000001000011010000000000000000001000000100000000000010000
000110111110110110011110110101011111011111010111100111001101111101001110110111101
111111111001101111111111111110111100101111111111111101110110111011111111111100111
000000000000000000000000000000000000000000000000000000000000000001000000100000000
001110111110111110011111110111111111011111110111100111011101111101001111110111111
111011111111111111111111011111111111111111111111111111111111111111111111111111111
000100000000000010000000100000000000000000000000000000000000000000000000010000000
000000000000000000000000010000000000000000010001000000000000000000000000000000100
000000000100000000000000000000000000000000000000000000000000000000000000000010000
000010000000000000000000000000000000000000000000000100000000000000000000000000000
000000001000000000000000000000000000000000000000000000000000000001000000100000000
101110111111111110011111110111111111011111110111101111011111111101101111110111111
111111111001101111101101111110111100101111111111111101110110010011111111111100111
111111111111111111111110111111011111111111011111111111101111111111111111111111111
111001000001001001100000001010000000100000001000011000100010000010110000001000000
000000000000000000000000000000000000000000000000000000000001000000000000000001000
000000000000000100000000000000000000000001000100000000000000000000000000000000000
111111111111111011111111111111111111111100111001111111111111111111111111111111111
111111101111111111111111101111111111111011101110111111111111111111111011111111011
111001001001001101101101001110100000100011101110111000110010010011110001101100010
101110111111111110011111110111111111111111110111101111011111111101101111110111111
000000000000100000000000000000000100000000000000000000000000000000000000000000000
111111111111111111111111111111101111111111111111111110111111111111111111111111111
000100000110010010010010100001011011010000000000000011001101101100001000010011000
000000000110010000000000000001000011010000000000000010001001101100000000000011000
111111111001101111101101111110101100101111111111111100110010010011110111111100111
111001001001001001101001001010100000100000101000011000110010000011110001101000010
111111111111111111111111111111111111111111111110111111111111111111111111111111011
000000000000000000000001000000000000000000100000000000000000000000000000000000000
101110111111111111011111111111111111111111111111111111111111111111111111110111111
111111111011111111111111111111111110101111111111111111110111111111111111111101111
000000000000000000000000000100000000000000000000100000000000010000000000000000000
110111111111110111111111111101111111111111111111111111111111111111111111111111111
111111111101111111111111111111111111111111111111111101111110111111111111111110111
000001000000000000100000000000000000000000000000000000000000000000000000000000000
110001000001000001100000001000000000100000001000010000100010000010010000001000000
111111111001101111101101111110111100101111111111111101110110010011110111111100111
111111111111111111111110111111011111111111011111111111101111111111111110111111101
111111111111111011111111111111111111111100111011111111111111111111111111111111111
101110111111111110011111111111111111111111110111111111011111111101101111110111111
000010000000100000000000000000000100001000000000000100000000000000000010000000001
111011101001101101101101001110100100101011101110111100110010010011110011101100011
111111111111111111111111111111111110101111111111111111111111111111111111111111111
101110111111111110011111111111111111111111110111111111011111111111111111110111111
000000000000000000000000000100000000000000000000100000000000010000000000000100000
